data/DEM_2.asc
ncols        262
nrows        249
xllcorner    625621.719335832866
yllcorner    5134794.070701659657
cellsize     30.005356186395
NODATA_value  -9999
[rows 161 to 183 of 249, columns 102 to 152 of 262]
2020.2509765625 2008.302001953125 1995.2430419921875 1973.134033203125 1951.6949462890625 1936.595947265625 1923.0679931640625 1910.6090087890625 1900 1890.9010009765625 1880.1920166015625 1869.9029541015625 1858.053955078125 1846.7459716796875 1838.0770263671875 1831.3380126953125 1823.698974609375 1813.280029296875 1805.3909912109375 1801.8719482421875 1792.654052734375 1762.074951171875 1746.39599609375 1732.1070556640625 1716.468017578125 1691.3590087890625 1665.0799560546875 1645.781982421875 1628.4830322265625 1616.1939697265625 1606.2349853515625 1599.60595703125 1590.656982421875 1573.218994140625 1553.489990234375 1529.5009765625 1505.4820556640625 1485.9229736328125 1463.9239501953125 1444.06494140625 1424.7969970703125 1407.0379638671875 1386.8189697265625 1364.3790283203125 1343.14794921875 1324.1510009765625 1306.8349609375 1282.4210205078125 1270.18994140625 1265.3809814453125 1274.123046875
2013.9320068359375 2006.572998046875 1989.053955078125 1967.3050537109375 1951.0560302734375 1935.8380126953125 1919.489013671875 1903.06005859375 1894.541015625 1887.5419921875 1875.7030029296875 1863.93505859375 1856.7960205078125 1845.987060546875 1836.718017578125 1831.43896484375 1824.5699462890625 1819.6610107421875 1808.623046875 1799.9739990234375 1791.364990234375 1769.5660400390625 1741.70703125 1723.0880126953125 1707.4189453125 1684.6610107421875 1664.6619873046875 1644.7330322265625 1632.7440185546875 1623.5849609375 1611.615966796875 1603.8570556640625 1592.3890380859375 1573.02001953125 1557.81103515625 1533.241943359375 1508.1429443359375 1486.593994140625 1469.2750244140625 1451.406982421875 1432.18798828125 1417.8890380859375 1395.31005859375 1372.699951171875 1346.52099609375 1324.1600341796875 1302.6109619140625 1283.4420166015625 1269.323974609375 1264.593994140625 1271.81103515625
2011.7430419921875 2004.333984375 1984.2950439453125 1965.237060546875 1948.8079833984375 1933.4189453125 1917.1300048828125 1902.06103515625 1891.9620361328125 1882.81298828125 1873.135009765625 1864.115966796875 1856.1070556640625 1846.508056640625 1838.76904296875 1832.1099853515625 1825.3310546875 1819.1829833984375 1814.7340087890625 1797.2950439453125 1779.8160400390625 1760.8570556640625 1740.0679931640625 1717.4189453125 1699.031005859375 1681.4420166015625 1663.1429443359375 1648.6939697265625 1640.2349853515625 1629.0460205078125 1614.137939453125 1606.97900390625 1590.0699462890625 1571.3909912109375 1551.031982421875 1525.02294921875 1505.5140380859375 1483.2860107421875 1468.8370361328125 1453.66796875 1439.1590576171875 1421.0899658203125 1395.6109619140625 1372.2869873046875 1346.4320068359375 1322.928955078125 1301.5489501953125 1283.4930419921875 1270.5030517578125 1264.550048828125 1272.3819580078125
2012.0240478515625 2005.635986328125 1986.9169921875 1967.64794921875 1947.239013671875 1932.1700439453125 1916.5909423828125 1902.1419677734375 1890.654052734375 1881.364990234375 1871.89599609375 1861.5269775390625 1853.91796875 1846.718994140625 1838.3699951171875 1832.6319580078125 1826.802978515625 1819.7340087890625 1806.8349609375 1790.0360107421875 1773.5970458984375 1757.5279541015625 1742.5699462890625 1722.9610595703125 1705.31201171875 1687.6929931640625 1673.4139404296875 1653.9949951171875 1642.4560546875 1632.218017578125 1615.9189453125 1599.22998046875 1581.7110595703125 1564.842041015625 1544.5030517578125 1523.573974609375 1502.176025390625 1486.4169921875 1471.0679931640625 1458.6590576171875 1439 1413.240966796875 1391.1719970703125 1368.072998046875 1343.751953125 1322.77099609375 1303.2550048828125 1284.0350341796875 1272.81103515625 1264.550048828125 1268.258056640625
2016.85595703125 2004.68701171875 1988.93798828125 1969.3389892578125 1948.030029296875 1930.27099609375 1915.751953125 1900.0340576171875 1887.3050537109375 1878.0159912109375 1868.5970458984375 1859.657958984375 1850.509033203125 1843.98095703125 1837.072021484375 1832.10302734375 1826.7939453125 1819.344970703125 1802.5660400390625 1785.197021484375 1772.3990478515625 1759.77001953125 1747.720947265625 1730.612060546875 1715.2530517578125 1699.0439453125 1676.844970703125 1655.717041015625 1638.427978515625 1618.3289794921875 1602.52001953125 1589.791015625 1575.4320068359375 1556.363037109375 1539.385009765625 1522.4959716796875 1506.68701171875 1492.3380126953125 1476.18896484375 1455.510009765625 1432.3310546875 1407.4830322265625 1388.7039794921875 1363.2359619140625 1338.666015625 1320.7159423828125 1301.488037109375 1284.7359619140625 1273.7879638671875 1265.9940185546875 1263.448974609375
2016.2869873046875 2000.3079833984375 1985.3389892578125 1968.1800537109375 1947.8609619140625 1929.4129638671875 1914.0040283203125 1895.4449462890625 1882.0360107421875 1875.5970458984375 1866.927978515625 1857.428955078125 1850.7010498046875 1844.1719970703125 1837.7130126953125 1831.2939453125 1824.344970703125 1816.7860107421875 1803.447021484375 1785.759033203125 1774.6300048828125 1761.1810302734375 1750.9620361328125 1736.8929443359375 1719.9639892578125 1695.0849609375 1672.5169677734375 1656.1080322265625 1634.8289794921875 1616.3900146484375 1597.9610595703125 1581.7120361328125 1568.2230224609375 1553.18505859375 1535.4659423828125 1520.5169677734375 1506.008056640625 1491.8289794921875 1471.0899658203125 1446.9010009765625 1423.532958984375 1406.7440185546875 1384.094970703125 1362.001953125 1335.8690185546875 1314.2249755859375 1294.8270263671875 1281.219970703125 1269.9119873046875 1261.60400390625 1265.657958984375
2013.218017578125 1997.448974609375 1982.239990234375 1965.2120361328125 1948.6829833984375 1929.343994140625 1911.7249755859375 1892.7960205078125 1879.7669677734375 1871.738037109375 1865.6800537109375 1858.531005859375 1849.6319580078125 1843.7030029296875 1836.7139892578125 1829.2249755859375 1821.666015625 1814.498046875 1806.2889404296875 1793.8399658203125 1777.4610595703125 1763.60205078125 1753.343017578125 1738.1839599609375 1721.4560546875 1694.1070556640625 1672.407958984375 1651.8389892578125 1629.199951171875 1605.6510009765625 1586.251953125 1570.60400390625 1558.9749755859375 1542.446044921875 1527.7969970703125 1516.137939453125 1504.5989990234375 1490.52001953125 1469.85205078125 1444.4530029296875 1418.2340087890625 1398.6650390625 1377.365966796875 1354.635986328125 1334.905029296875 1310.6619873046875 1291.3089599609375 1274.6650390625 1261.77001953125 1256.2049560546875 1264.1090087890625
2011.928955078125 1996.470947265625 1980.4520263671875 1964.873046875 1947.404052734375 1929.7149658203125 1911.0260009765625 1892.3070068359375 1876.947998046875 1869.510009765625 1863.9210205078125 1856.31201171875 1847.52294921875 1839.2340087890625 1832.574951171875 1824.64599609375 1818.748046875 1812.1689453125 1807.550048828125 1797.23095703125 1781.9320068359375 1766.54296875 1756.9840087890625 1742.696044921875 1719.64697265625 1697.407958984375 1677.1390380859375 1655.5400390625 1632.1810302734375 1608.4620361328125 1579.4940185546875 1563.9449462890625 1551.3260498046875 1537.3170166015625 1523.3480224609375 1510.72900390625 1503.3399658203125 1486.4520263671875 1466.29296875 1438.4139404296875 1416.18505859375 1394.365966796875 1368.72705078125 1345.458984375 1325.7159423828125 1306.16796875 1287.1829833984375 1268.6180419921875 1256.6839599609375 1254.89599609375 1259.33203125
2006.990966796875 1991.33203125 1977.123046875 1961.4639892578125 1944.0350341796875 1929.2860107421875 1910.886962890625 1892.72900390625 1878.93994140625 1874.470947265625 1869.362060546875 1862.302978515625 1855.7039794921875 1847.675048828125 1832.927001953125 1818.0780029296875 1813.6490478515625 1811.239990234375 1805.8909912109375 1798.781982421875 1783.302978515625 1770.0450439453125 1758.2359619140625 1748.3370361328125 1721.8580322265625 1700.3590087890625 1679.3299560546875 1658.23095703125 1643.0030517578125 1618.404052734375 1588.2149658203125 1552.115966796875 1533.906982421875 1532.7080078125 1515.428955078125 1502.571044921875 1490.4420166015625 1479.5830078125 1461.2239990234375 1434.175048828125 1409.5460205078125 1389.5970458984375 1366.1080322265625 1340.636962890625 1318.4420166015625 1298.9129638671875 1282.0260009765625 1260.6610107421875 1254.89599609375 1254.9840087890625 1255.5179443359375
2003.342041015625 1988.1829833984375 1973.1839599609375 1956.074951171875 1939.4560546875 1925.7779541015625 1913.0389404296875 1899.300048828125 1885.6109619140625 1876.06201171875 1867.012939453125 1861.2640380859375 1856.7060546875 1849.626953125 1843.7679443359375 1831.22900390625 1815.0899658203125 1804.6409912109375 1798.9520263671875 1795.81298828125 1784.2449951171875 1771.4759521484375 1758.4969482421875 1742.0980224609375 1725.1490478515625 1706.97998046875 1690.0009765625 1671.843017578125 1640.9539794921875 1611.9549560546875 1589.3060302734375 1558.886962890625 1523.988037109375 1504.509033203125 1502.8909912109375 1486.83203125 1477.262939453125 1462.583984375 1448.925048828125 1428.7259521484375 1404.136962890625 1378.93896484375 1355.77001953125 1335.7679443359375 1318.9019775390625 1301.2099609375 1278.7080078125 1258.8299560546875 1253.72802734375 1252.6209716796875 1252.0660400390625
2002.593017578125 1984.404052734375 1969.9649658203125 1953.93701171875 1938.14794921875 1922.529052734375 1910.3299560546875 1900.1009521484375 1893.4820556640625 1886.8929443359375 1876.8740234375 1867.5059814453125 1856.967041015625 1847.7080078125 1842.958984375 1835.8699951171875 1826.0909423828125 1807.862060546875 1795.823974609375 1790.125 1782.3260498046875 1770.2769775390625 1754.407958984375 1736.43896484375 1722 1707.261962890625 1691.06298828125 1669.6839599609375 1651.2049560546875 1632.095947265625 1602.987060546875 1563.64794921875 1524.969970703125 1498.010986328125 1477.4620361328125 1469.06298828125 1456.843994140625 1444.2550048828125 1430.9859619140625 1414.4969482421875 1391.8289794921875 1370.2099609375 1347.5909423828125 1326.094970703125 1312.2220458984375 1295.9110107421875 1275.9510498046875 1256.865966796875 1251.633056640625 1250.8480224609375 1251.0889892578125
2003.10400390625 1983.635009765625 1965.7669677734375 1949.1080322265625 1934.489013671875 1920.3399658203125 1907.3509521484375 1897.4420166015625 1891.2430419921875 1888.125 1882.5059814453125 1876.8470458984375 1869.5279541015625 1857.3389892578125 1846.949951171875 1836.5009765625 1823.282958984375 1807.2340087890625 1795.56494140625 1787.166015625 1773.3170166015625 1762.968017578125 1744.8790283203125 1727.47998046875 1712.4720458984375 1700.2130126953125 1687.2139892578125 1667.1949462890625 1648.095947265625 1633.4169921875 1595.677978515625 1551.3399658203125 1526.8609619140625 1502.4420166015625 1476.35302734375 1452.7540283203125 1436.614990234375 1429.5760498046875 1416.47802734375 1402.448974609375 1386.0899658203125 1364.970947265625 1342.08203125 1317.551025390625 1301.6070556640625 1285.2989501953125 1269.8070068359375 1259.362060546875 1251.5870361328125 1249.5279541015625 1252.72802734375
2009.8360595703125 1988.237060546875 1965.988037109375 1949.1290283203125 1932.4300537109375 1918.0810546875 1905.6619873046875 1895.0439453125 1890.2850341796875 1884.2259521484375 1879.43701171875 1874.93798828125 1870.9990234375 1866.300048828125 1857.470947265625 1843.093017578125 1823.634033203125 1808.68505859375 1793.7960205078125 1776.8470458984375 1759.657958984375 1756.279052734375 1737.3409423828125 1720.9820556640625 1706.552978515625 1694.593994140625 1678.4649658203125 1656.5260009765625 1633.8470458984375 1610.3590087890625 1575.75 1544.6910400390625 1517.1820068359375 1494.6529541015625 1474.303955078125 1455.2650146484375 1432.2159423828125 1410.407958984375 1397.68896484375 1387.06005859375 1373.4410400390625 1357.1519775390625 1335.7130126953125 1313.14501953125 1291.4560546875 1279.489990234375 1269.178955078125 1260.6240234375 1252.7049560546875 1248.5069580078125 1253.5579833984375
2015.0369873046875 1992.4580078125 1969.0589599609375 1949.5699462890625 1931.3609619140625 1916.85302734375 1905.7740478515625 1896.0050048828125 1887.865966796875 1881.4169921875 1876.488037109375 1872.279052734375 1868.5899658203125 1864.781982421875 1852.4329833984375 1840.4739990234375 1832.93505859375 1819.5860595703125 1802.697021484375 1778.177978515625 1754.550048828125 1737.4110107421875 1725.85205078125 1712.512939453125 1700.0439453125 1690.5550537109375 1679.3160400390625 1659.8370361328125 1630.4990234375 1607.3900146484375 1575.4510498046875 1527.052001953125 1506.4930419921875 1486.4339599609375 1465.4649658203125 1446.5870361328125 1428.93798828125 1411.8990478515625 1390.739990234375 1372.3709716796875 1358.60205078125 1343.343017578125 1326.593994140625 1308.0589599609375 1293.741943359375 1282.31103515625 1272.0069580078125 1262.27294921875 1253.4139404296875 1245.8759765625 1252.8189697265625
2017.89794921875 1996.259033203125 1972.25 1949.4110107421875 1932.7430419921875 1917.833984375 1904.7950439453125 1897.115966796875 1884.697021484375 1877.0880126953125 1871.698974609375 1866.041015625 1862.612060546875 1856.873046875 1849.4940185546875 1837.9949951171875 1831.5760498046875 1818.697021484375 1808.758056640625 1781.9200439453125 1758.1109619140625 1735.592041015625 1715.0830078125 1696.7640380859375 1686.7850341796875 1680.416015625 1669.5980224609375 1653.0689697265625 1635.699951171875 1595.9410400390625 1567.35205078125 1526.6429443359375 1505.10400390625 1481.7860107421875 1458.47705078125 1439.8179931640625 1422.0589599609375 1402.489990234375 1385.990966796875 1369.6319580078125 1353.2330322265625 1336.6650390625 1322.1259765625 1308.009033203125 1295.2779541015625 1284.6219482421875 1272.8609619140625 1261.7669677734375 1252.2459716796875 1244.9090576171875 1251.5009765625
2017.928955078125 1998.219970703125 1972.011962890625 1947.3330078125 1931.404052734375 1916.9549560546875 1903.615966796875 1896.2969970703125 1884.5579833984375 1874.6600341796875 1867.510986328125 1861.761962890625 1856.4630126953125 1847.404052734375 1841.635009765625 1834.946044921875 1820.927001953125 1804.4189453125 1789.8299560546875 1772.31103515625 1751.0419921875 1731.072998046875 1710.864013671875 1691.7349853515625 1677.626953125 1662.218017578125 1647.0389404296875 1640.800048828125 1616.0909423828125 1576.052001953125 1547.6529541015625 1523.553955078125 1500.6259765625 1478.2669677734375 1458.2080078125 1438.468994140625 1421.0899658203125 1403.5909423828125 1385.7320556640625 1366.303955078125 1348.425048828125 1333.2659912109375 1317.22705078125 1303.0389404296875 1290.512939453125 1281.0489501953125 1272.345947265625 1261.875 1248.050048828125 1244.583984375 1252.4639892578125
2013.8509521484375 1992.83203125 1964.1829833984375 1944.0240478515625 1927.175048828125 1914.365966796875 1905.886962890625 1898.0479736328125 1884.3599853515625 1873.4310302734375 1862.342041015625 1855.4129638671875 1848.0140380859375 1835.6650390625 1829.39599609375 1822.22802734375 1805.0989990234375 1787.1600341796875 1770.3609619140625 1752.58203125 1736.06298828125 1719.904052734375 1700.2550048828125 1681.5169677734375 1671.9580078125 1651.759033203125 1634.550048828125 1610.720947265625 1580.83203125 1558.623046875 1533.8349609375 1514.8060302734375 1494.2969970703125 1474.008056640625 1454.208984375 1436.010009765625 1418.8909912109375 1402.1319580078125 1385.9339599609375 1368.9849853515625 1348.0660400390625 1326.3470458984375 1313.907958984375 1298.4639892578125 1284.10205078125 1271.470947265625 1261.803955078125 1253.2349853515625 1244.02099609375 1249.2449951171875 1257.1240234375
2008.072021484375 1989.133056640625 1960.10400390625 1941.89501953125 1922.9659423828125 1911.8470458984375 1903.0489501953125 1895.239990234375 1883.9510498046875 1873.362060546875 1863.4730224609375 1851.9739990234375 1840.0250244140625 1825.45703125 1812.427978515625 1808.8890380859375 1795.97998046875 1776.8409423828125 1759.52197265625 1743.0830078125 1725.2740478515625 1704.8060302734375 1688.64697265625 1673.8179931640625 1663.218994140625 1641.1500244140625 1618.6309814453125 1606.6319580078125 1576.8330078125 1541.5350341796875 1514.2459716796875 1493.2869873046875 1478.7979736328125 1467.93896484375 1449.969970703125 1432.02099609375 1415.10302734375 1399.39404296875 1384.43505859375 1370.5860595703125 1350.7969970703125 1327.488037109375 1307.5689697265625 1295.3330078125 1280.0780029296875 1266.115966796875 1254.8310546875 1244.02099609375 1245.3890380859375 1252.9659423828125 1263.5
1991.2030029296875 1974.384033203125 1952.9749755859375 1933.2960205078125 1917.3580322265625 1912.1390380859375 1902.969970703125 1892.531005859375 1883.4820556640625 1872.8929443359375 1860.7139892578125 1846.2550048828125 1832.8170166015625 1822.89794921875 1806.968994140625 1791.43994140625 1786.3409423828125 1768.7320556640625 1751.9530029296875 1736.614990234375 1715.7559814453125 1700.2469482421875 1685.748046875 1671.3890380859375 1650.699951171875 1629.9510498046875 1612.4119873046875 1587.7939453125 1562.60498046875 1535.3759765625 1519.39697265625 1493.91796875 1470.8289794921875 1448.68994140625 1435.8609619140625 1426.2230224609375 1409.81396484375 1394.4749755859375 1378.635986328125 1364.8470458984375 1352.498046875 1336.43896484375 1314.051025390625 1286.18798828125 1276.3330078125 1262.7349853515625 1248.636962890625 1241.427978515625 1246.4339599609375 1253.3179931640625 1265.2969970703125
1981.0140380859375 1957.155029296875 1942.64697265625 1930.2779541015625 1919.1490478515625 1909.8499755859375 1901.760986328125 1890.802001953125 1880.843017578125 1869.5240478515625 1857.845947265625 1845.3270263671875 1832.18798828125 1816.8690185546875 1801.300048828125 1782.8809814453125 1767.802001953125 1762.6629638671875 1744.31494140625 1722.7060546875 1704.9969482421875 1690.488037109375 1679.9990234375 1668.52001953125 1647.8609619140625 1625.35302734375 1599.384033203125 1576.6949462890625 1558.7259521484375 1540.20703125 1520.177978515625 1499.3289794921875 1479.81005859375 1459.092041015625 1434.4129638671875 1412.343994140625 1397.614990234375 1386.1259765625 1371.7469482421875 1357.3380126953125 1344.0989990234375 1329.9310302734375 1308.4420166015625 1281.8900146484375 1271.97802734375 1260.8480224609375 1249.885986328125 1241.427978515625 1242.93505859375 1255.1500244140625 1263.968017578125
1984.885986328125 1963.237060546875 1942.677978515625 1927.43896484375 1910.4100341796875 1897.06103515625 1887.6419677734375 1883.81298828125 1876.5250244140625 1862.9859619140625 1851.8070068359375 1841.6080322265625 1831.0389404296875 1816.06005859375 1796.051025390625 1777.81201171875 1761.6939697265625 1744.324951171875 1740.0360107421875 1721.386962890625 1699.3580322265625 1683.009033203125 1668.969970703125 1657.7110595703125 1646.7030029296875 1625.1639404296875 1603.2850341796875 1578.916015625 1556.3270263671875 1531.157958984375 1510.1390380859375 1488.5909423828125 1472.822021484375 1454.5830078125 1437.654052734375 1418.4549560546875 1397.2060546875 1375.7469482421875 1356.18798828125 1345.6400146484375 1335.5909423828125 1324.60205078125 1305.7330322265625 1285.178955078125 1275.050048828125 1263.4110107421875 1253.4659423828125 1241.0589599609375 1242.8470458984375 1250.594970703125 1257.926025390625
1989.2669677734375 1965.3680419921875 1942.97900390625 1926.9000244140625 1916.6209716796875 1902.08203125 1885.56396484375 1858.1650390625 1850.93603515625 1849.4969482421875 1848.157958984375 1834.6290283203125 1818.0400390625 1789.48095703125 1779.5830078125 1762.343994140625 1748.14501953125 1735.176025390625 1724.0469970703125 1716.72802734375 1693.3690185546875 1676.3599853515625 1657.822021484375 1647.04296875 1641.5240478515625 1622.4749755859375 1600.2860107421875 1578.906982421875 1558.218017578125 1536.0889892578125 1515.291015625 1492.6619873046875 1468.343017578125 1445.6939697265625 1427.125 1411.4759521484375 1395.1070556640625 1376.657958984375 1359.6600341796875 1341.4410400390625 1325.9420166015625 1314.532958984375 1301.134033203125 1287.1700439453125 1276.20703125 1263.7540283203125 1254.3160400390625 1242.6949462890625 1241.0589599609375 1245.3719482421875 1247.7259521484375
1987.677978515625 1964.9990234375 1943.1800537109375 1929.4010009765625 1912.512939453125 1901.56396484375 1884.4649658203125 1865.7159423828125 1842.866943359375 1824.7080078125 1817.9990234375 1809.469970703125 1796.7320556640625 1780.1629638671875 1761.9339599609375 1745.5150146484375 1733.9560546875 1722.866943359375 1712.7979736328125 1699.4189453125 1686.9410400390625 1669.092041015625 1651.52294921875 1640.134033203125 1627.5550537109375 1616.595947265625 1599.5469970703125 1583.2679443359375 1558.030029296875 1533.4310302734375 1510.58203125 1488.302978515625 1465.6240234375 1444.0250244140625 1425.0059814453125 1405.39697265625 1387.4189453125 1371.9599609375 1355.7110595703125 1338.781982421875 1323.0030517578125 1307.7640380859375 1296.68505859375 1283.5670166015625 1273.8890380859375 1264.8260498046875 1254.5789794921875 1241.9599609375 1237.636962890625 1241.2960205078125 1246.8189697265625
