data/DEM_5.asc
ncols        64
nrows        145
xllcorner    634263.261917514610
yllcorner    5128102.876272092573
cellsize     30.005356186395
NODATA_value  -9999
[rows 75 to 99 of 145, columns 0 to 54 of 64]
-9999 -9999 -9999 -9999 -9999 -9999 -9999 -9999 978.2860107421875 976.718017578125 975.75897216796875 977.219970703125 970.63201904296875 962.572998046875 958.27398681640625 955.426025390625 955.39697265625 954.968017578125 953.8489990234375 954.791015625 956.87200927734375 957.01300048828125 957.20501708984375 953.4959716796875 955.5770263671875 957.25897216796875 951.46002197265625 950.1510009765625 952.01300048828125 949.53399658203125 951.5150146484375 950.176025390625 953.72802734375 951.18902587890625 946.510009765625 942.87200927734375 939.99298095703125 933.4639892578125 933.06597900390625 927.76702880859375 928.5579833984375 927.17999267578125 927.5009765625 927.34197998046875 926.7340087890625 -9999 -9999 -9999 -9999 -9999 -9999 -9999 -9999 -9999 -9999
-9999 -9999 -9999 -9999 -9999 -9999 -9999 -9999 971.61700439453125 968.5579833984375 966.3790283203125 966.96099853515625 964.531982421875 956.98297119140625 946.85498046875 946.71600341796875 943.46697998046875 941.51800537109375 944.19000244140625 944.6710205078125 943.072021484375 941.4539794921875 939.53497314453125 940.46600341796875 937.89801025390625 934.958984375 936.0999755859375 933.96197509765625 933.9329833984375 933.40399169921875 936.9959716796875 936.47698974609375 934.8280029296875 936.32000732421875 933.301025390625 929.1920166015625 929.81298828125 928.7349853515625 928.2760009765625 928.01702880859375 927.6190185546875 924.280029296875 923.1209716796875 923.9530029296875 922.15399169921875 922.155029296875 921.5670166015625 -9999 -9999 -9999 -9999 -9999 -9999 -9999 -9999
-9999 -9999 -9999 -9999 -9999 -9999 -9999 -9999 964.72698974609375 960.75799560546875 958.719970703125 958.98101806640625 953.031982421875 945.8740234375 943.19500732421875 942.2659912109375 940.25799560546875 938.47900390625 938.02001953125 937.60198974609375 936.052978515625 935.05401611328125 935.85498046875 936.33697509765625 934.18798828125 931.489013671875 931.19097900390625 932.4420166015625 932.9229736328125 932.2249755859375 931.2760009765625 930.5469970703125 929.8289794921875 929.58001708984375 929.31097412109375 928.9329833984375 927.573974609375 924.93499755859375 922.5269775390625 921.97802734375 921.8389892578125 921.291015625 921.12200927734375 920.99298095703125 920.2349853515625 920.03997802734375 920.03997802734375 920.03997802734375 920.40997314453125 -9999 -9999 -9999 919.68499755859375 919.2459716796875 918.99798583984375
-9999 -9999 -9999 -9999 -9999 -9999 -9999 -9999 957.12701416015625 955.6190185546875 952.8800048828125 950.97100830078125 944.85302734375 940.6939697265625 940.56500244140625 940.2869873046875 937.427978515625 936.15899658203125 935.20098876953125 933.12200927734375 932.572998046875 932.71502685546875 932.57598876953125 932.0469970703125 931.55902099609375 931.25 930.56097412109375 930.4019775390625 933.01397705078125 932.905029296875 929.61602783203125 930.0579833984375 928.22900390625 927.19000244140625 927.02197265625 927.4429931640625 924.93499755859375 925.08599853515625 924.50701904296875 924.40802001953125 925.3599853515625 925.84100341796875 924.4119873046875 923.39398193359375 921.94500732421875 921.0260009765625 920.4580078125 920.28900146484375 920.03997802734375 920.10198974609375 920.1729736328125 919.68402099609375 919.2459716796875 918.697021484375 918.3179931640625
-9999 -9999 -9999 -9999 -9999 -9999 -9999 -9999 951.14801025390625 950.958984375 946.15997314453125 945.552001953125 941.90301513671875 936.3740234375 935.7459716796875 934.947021484375 935.14801025390625 934.1300048828125 934.21099853515625 933.62200927734375 932.7039794921875 932.07501220703125 931.7760009765625 931.27801513671875 931.5789794921875 931.739990234375 930.26202392578125 930.49298095703125 929.65399169921875 929.09600830078125 928.6669921875 927.72802734375 926.44000244140625 925.95098876953125 925.89202880859375 924.93499755859375 927.0150146484375 927.2860107421875 927.677978515625 927.76898193359375 926.8599853515625 925.9520263671875 924.8330078125 924.60400390625 923.70599365234375 921.59698486328125 920.5679931640625 920.20001220703125 919.77099609375 919.63201904296875 919.614013671875 919.57501220703125 919.14599609375 919.02801513671875 918.448974609375
-9999 -9999 -9999 -9999 -9999 -9999 -9999 -9999 945.447998046875 944.26898193359375 944.69097900390625 942.2919921875 935.843017578125 935.614990234375 935.176025390625 934.72698974609375 934.208984375 934.07000732421875 934.23101806640625 933.1929931640625 932.39398193359375 931.70501708984375 931.447021484375 931 931.42901611328125 931.260986328125 930.11199951171875 929.60302734375 928.42498779296875 928.5360107421875 928.14697265625 927.67901611328125 926.33001708984375 927.010986328125 924.93499755859375 925.78399658203125 927.66497802734375 927.39697265625 927.03802490234375 927.02899169921875 925.5009765625 925.2919921875 925.28302001953125 924.905029296875 923.98602294921875 922.7769775390625 921.68902587890625 920.02001953125 919.73199462890625 919.37298583984375 919.2039794921875 919.0770263671875 919.0770263671875 919.2080078125 918.71002197265625
-9999 -9999 -9999 -9999 -9999 -9999 -9999 -9999 940.9940185546875 937.406005859375 936.49700927734375 936.36199951171875 -9999 935.83697509765625 934.802978515625 934.7769775390625 934.593994140625 933.83502197265625 933.35302734375 932.21099853515625 931.94097900390625 931.64202880859375 931.19500732421875 931 931.09197998046875 931.30401611328125 929.85400390625 929.4169921875 928.96197509765625 927.8909912109375 928.06097412109375 927.281982421875 927.177978515625 925.1510009765625 926.51300048828125 926.875 927.5579833984375 927.47698974609375 926.81402587890625 926.43499755859375 925.83599853515625 -9999 -9999 925.2440185546875 923.54498291015625 923.27801513671875 921.78302001953125 920.17901611328125 920.02197265625 919.74298095703125 919.52301025390625 919.16998291015625 919.0980224609375 919.01202392578125 919.155029296875
-9999 -9999 -9999 -9999 -9999 -9999 -9999 -9999 -9999 -9999 -9999 -9999 -9999 -9999 -9999 935.0689697265625 934.40899658203125 933.67999267578125 933.0460205078125 932.280029296875 932.08001708984375 931.53399658203125 931.2449951171875 931.0780029296875 931 930.33099365234375 930.24298095703125 930.63201904296875 929.21099853515625 927.4229736328125 926.8590087890625 926.32098388671875 926.32098388671875 927.97698974609375 926.96600341796875 928.030029296875 928.04901123046875 927.63800048828125 927.39501953125 927.02398681640625 -9999 -9999 -9999 -9999 923.66302490234375 922.29498291015625 921.60198974609375 920.614013671875 -9999 -9999 -9999 -9999 919.1669921875 -9999 -9999
-9999 -9999 -9999 -9999 -9999 -9999 -9999 -9999 -9999 -9999 -9999 -9999 -9999 -9999 -9999 -9999 933.62799072265625 933.5250244140625 933.18798828125 932.7540283203125 933.31201171875 933.14898681640625 931.0460205078125 929.698974609375 929.43402099609375 929.20697021484375 929.20697021484375 929.23602294921875 928.718994140625 928.39898681640625 928.28900146484375 928.5560302734375 926.7960205078125 928.8189697265625 927.54901123046875 928.59100341796875 928.2540283203125 928.56597900390625 928.02001953125 -9999 -9999 -9999 -9999 -9999 -9999 -9999 -9999 -9999 -9999 -9999 -9999 -9999 -9999 -9999 -9999
-9999 -9999 -9999 -9999 -9999 -9999 -9999 -9999 -9999 -9999 -9999 -9999 -9999 -9999 -9999 -9999 -9999 932.3179931640625 931.781005859375 931.469970703125 931.469970703125 931.469970703125 931.86700439453125 930.9110107421875 930.552978515625 929.8079833984375 929.22802734375 929.20697021484375 929.46099853515625 928.81597900390625 928.85302734375 928.9119873046875 929.0980224609375 929.01898193359375 929.60198974609375 929.83502197265625 929.56201171875 929.1669921875 -9999 -9999 -9999 -9999 -9999 -9999 -9999 -9999 -9999 -9999 -9999 -9999 -9999 -9999 -9999 -9999 -9999
-9999 -9999 -9999 -9999 -9999 -9999 -9999 -9999 -9999 -9999 -9999 -9999 -9999 -9999 -9999 -9999 -9999 933.094970703125 932.44598388671875 932.33502197265625 932.64202880859375 932.6610107421875 932.11602783203125 931.1500244140625 931.02197265625 930.781005859375 930.63299560546875 930.18701171875 929.56500244140625 929.469970703125 930.35101318359375 929.99102783203125 930.4439697265625 929.77099609375 931.7440185546875 931.20098876953125 930.65399169921875 -9999 -9999 -9999 -9999 -9999 -9999 -9999 -9999 -9999 -9999 -9999 -9999 -9999 -9999 -9999 -9999 -9999 -9999
-9999 -9999 -9999 -9999 -9999 -9999 -9999 -9999 -9999 -9999 -9999 -9999 -9999 -9999 -9999 -9999 -9999 934.68402099609375 934.09698486328125 933.7969970703125 933.2960205078125 932.99700927734375 932.5880126953125 932.61199951171875 932.21697998046875 931.5789794921875 931.65802001953125 930.635009765625 930.39202880859375 930.65899658203125 931.08001708984375 931.15301513671875 931.87298583984375 932.5889892578125 932.468994140625 932.093994140625 931.79901123046875 -9999 -9999 -9999 -9999 -9999 -9999 -9999 -9999 -9999 -9999 -9999 -9999 -9999 -9999 -9999 -9999 -9999 -9999
-9999 -9999 -9999 -9999 -9999 -9999 -9999 -9999 -9999 -9999 -9999 -9999 -9999 -9999 -9999 -9999 935.364013671875 934.60101318359375 934.41802978515625 934.1619873046875 933.85400390625 933.7449951171875 933.655029296875 933.135009765625 932.6190185546875 932.15899658203125 931.64801025390625 930.48602294921875 931.14801025390625 931.15997314453125 931.822998046875 933.35498046875 933.4320068359375 934.34002685546875 934.9439697265625 934.15997314453125 -9999 -9999 -9999 -9999 -9999 -9999 -9999 -9999 -9999 -9999 -9999 -9999 -9999 -9999 -9999 -9999 -9999 -9999 -9999
-9999 -9999 -9999 -9999 -9999 -9999 -9999 -9999 -9999 -9999 -9999 -9999 -9999 -9999 -9999 936.38201904296875 935.87298583984375 935.2960205078125 934.968017578125 934.7020263671875 934.4530029296875 934.2239990234375 933.072021484375 932.3809814453125 932.0360107421875 931.74200439453125 931.51397705078125 931.17401123046875 930.96697998046875 932.5250244140625 933.65301513671875 934.21600341796875 935.39501953125 936.48602294921875 937.60302734375 936.573974609375 -9999 -9999 -9999 -9999 -9999 -9999 -9999 -9999 -9999 -9999 -9999 -9999 -9999 -9999 -9999 -9999 -9999 -9999 -9999
-9999 -9999 -9999 -9999 -9999 -9999 -9999 -9999 -9999 -9999 -9999 -9999 -9999 -9999 937.46197509765625 936.7979736328125 936.4749755859375 936.0999755859375 935.6939697265625 935.24798583984375 934.8179931640625 933.7030029296875 933.09698486328125 932.76300048828125 932.27099609375 931.72698974609375 931.32501220703125 931.2860107421875 932.96002197265625 933.0460205078125 934.95501708984375 936.33001708984375 937.2249755859375 938.83001708984375 940.26202392578125 940.60400390625 -9999 -9999 -9999 -9999 -9999 -9999 -9999 -9999 -9999 -9999 -9999 -9999 -9999 -9999 -9999 -9999 -9999 -9999 -9999
-9999 -9999 -9999 -9999 -9999 -9999 -9999 -9999 -9999 -9999 -9999 -9999 -9999 938.655029296875 938.2960205078125 937.58502197265625 936.83697509765625 937.23101806640625 936.4840087890625 935.60302734375 934.64202880859375 933.83099365234375 933.3480224609375 932.760009765625 932.39898681640625 932.16802978515625 931.93402099609375 933.7869873046875 934.031982421875 933.56597900390625 935.97198486328125 937.63702392578125 939.0880126953125 938.34698486328125 941.65802001953125 944.14801025390625 -9999 -9999 -9999 -9999 -9999 -9999 -9999 -9999 -9999 -9999 -9999 -9999 -9999 -9999 -9999 -9999 -9999 -9999 -9999
-9999 -9999 -9999 -9999 -9999 -9999 -9999 -9999 -9999 -9999 -9999 -9999 -9999 939.66998291015625 939.29302978515625 938.34600830078125 937.64801025390625 936.875 936.052978515625 935.26898193359375 934.65399169921875 934.052978515625 933.53997802734375 932.9169921875 932.74102783203125 932.38397216796875 933.29998779296875 933.53302001953125 935.15399169921875 935.677001953125 937.16802978515625 939.37200927734375 941.8759765625 943.35797119140625 944.1829833984375 944.98699951171875 -9999 -9999 -9999 -9999 -9999 -9999 -9999 -9999 -9999 -9999 -9999 -9999 -9999 -9999 -9999 -9999 -9999 -9999 -9999
-9999 -9999 -9999 -9999 -9999 -9999 -9999 -9999 -9999 -9999 -9999 -9999 -9999 940.49798583984375 940.135986328125 938.80902099609375 937.82598876953125 936.81500244140625 935.9639892578125 935.385986328125 934.65399169921875 934.16998291015625 934.3759765625 934.26800537109375 933.99102783203125 935.17901611328125 935.7860107421875 934.947021484375 936.3900146484375 937.14898681640625 937.9329833984375 940.4119873046875 943.71502685546875 946.34698486328125 946.51898193359375 950.07501220703125 -9999 -9999 -9999 -9999 -9999 -9999 -9999 -9999 -9999 -9999 -9999 -9999 -9999 -9999 -9999 -9999 -9999 -9999 -9999
-9999 -9999 -9999 -9999 -9999 -9999 -9999 -9999 -9999 -9999 -9999 -9999 942.43902587890625 940.97900390625 939.6519775390625 938.87799072265625 937.84698486328125 936.89697265625 936.98797607421875 936.72601318359375 934.99798583984375 934.7960205078125 937.197021484375 936.17999267578125 935.0040283203125 939.302001953125 941.0689697265625 938.09197998046875 938.47802734375 940.26702880859375 946.4840087890625 948.7490234375 952.2349853515625 952.73699951171875 953.2080078125 955.33001708984375 -9999 -9999 -9999 -9999 -9999 -9999 -9999 -9999 -9999 -9999 -9999 -9999 -9999 -9999 -9999 -9999 -9999 -9999 -9999
-9999 -9999 -9999 -9999 -9999 -9999 -9999 -9999 -9999 -9999 -9999 -9999 943.072021484375 941.2979736328125 939.927001953125 938.83099365234375 937.926025390625 937.58001708984375 939.94097900390625 941.00201416015625 938.4990234375 937.92401123046875 942.5789794921875 945.4520263671875 950.21099853515625 947.7540283203125 949.073974609375 953.99700927734375 956.27301025390625 956.40899658203125 963.177001953125 976.95599365234375 980.843017578125 972.34600830078125 967.66400146484375 961.32000732421875 -9999 -9999 -9999 -9999 -9999 -9999 -9999 -9999 -9999 -9999 -9999 -9999 -9999 -9999 -9999 -9999 -9999 -9999 -9999
-9999 -9999 -9999 -9999 -9999 -9999 -9999 -9999 -9999 -9999 -9999 944.9169921875 943.87298583984375 943.177001953125 940.59698486328125 939.04498291015625 938.41302490234375 941.37298583984375 944.02398681640625 947.73797607421875 951.5360107421875 963.625 964.21697998046875 965.010009765625 962.89501953125 964.68499755859375 958.3909912109375 967.16302490234375 973.7340087890625 973.65997314453125 983.21697998046875 992.20697021484375 990.25799560546875 988.989013671875 985.9749755859375 971.5560302734375 -9999 -9999 -9999 -9999 -9999 -9999 -9999 -9999 -9999 -9999 -9999 -9999 -9999 -9999 -9999 -9999 -9999 -9999 -9999
-9999 -9999 -9999 -9999 -9999 -9999 -9999 -9999 -9999 -9999 947.53802490234375 946.8590087890625 948.00799560546875 949.81597900390625 944.6719970703125 946.50897216796875 959.9010009765625 963.9840087890625 966.27801513671875 969.375 974.66497802734375 979.10699462890625 979.83697509765625 980.875 978.5460205078125 980.1400146484375 973.572998046875 979.80999755859375 988.73797607421875 992.49298095703125 998.218017578125 1004.25201416015625 999.26300048828125 998.03497314453125 999.11297607421875 981.50201416015625 -9999 -9999 -9999 -9999 -9999 -9999 -9999 -9999 -9999 -9999 -9999 -9999 -9999 -9999 -9999 -9999 -9999 -9999 -9999
-9999 -9999 -9999 -9999 -9999 -9999 -9999 -9999 -9999 -9999 951.0369873046875 954.40301513671875 962.97998046875 964.2559814453125 962.08502197265625 967.8740234375 978.7650146484375 986.5 991.281982421875 991.59600830078125 998.3800048828125 1000.31201171875 999.697021484375 996.71697998046875 998.051025390625 1001.7130126953125 992.2440185546875 997.34600830078125 1006.8599853515625 1014.781005859375 1014.385986328125 1012.8060302734375 1009.82501220703125 1006.4019775390625 1011.8489990234375 992.80401611328125 -9999 -9999 -9999 -9999 -9999 -9999 -9999 -9999 -9999 -9999 -9999 -9999 -9999 -9999 -9999 -9999 -9999 -9999 -9999
-9999 -9999 -9999 -9999 -9999 -9999 -9999 -9999 -9999 965.552001953125 969.04400634765625 972.41497802734375 981.8489990234375 982.44097900390625 985.8590087890625 993.343994140625 1004.58697509765625 1013.22802734375 1021.28399658203125 1015.92999267578125 1020.99798583984375 1022.8740234375 1018.73297119140625 1015.89801025390625 1017.5999755859375 1020.5469970703125 1012.7039794921875 1019.927001953125 1023.844970703125 1030.6080322265625 1028.448974609375 1025.3330078125 1022.1500244140625 1021.281982421875 -9999 -9999 -9999 -9999 -9999 -9999 -9999 -9999 -9999 -9999 -9999 -9999 -9999 -9999 -9999 -9999 -9999 -9999 -9999 -9999 -9999
-9999 -9999 -9999 -9999 -9999 -9999 -9999 -9999 -9999 -9999 989.88702392578125 994.53997802734375 1001.9019775390625 1005.031982421875 1010.15802001953125 1031.4620361328125 1041.989013671875 1046.2860107421875 1045.6650390625 1045.5179443359375 1044.60400390625 1041.7020263671875 1034.1070556640625 1039.7120361328125 1042.2960205078125 1043.7110595703125 1031.93701171875 1037.0169677734375 1041.4720458984375 1041.9129638671875 1040.4620361328125 1040.2049560546875 1036.154052734375 1036.3909912109375 -9999 -9999 -9999 -9999 -9999 -9999 -9999 -9999 -9999 -9999 -9999 -9999 -9999 -9999 -9999 -9999 -9999 -9999 -9999 -9999 -9999
