data/DEM_2.asc
ncols        262
nrows        249
xllcorner    625621.719335832866
yllcorner    5134794.070701659657
cellsize     30.005356186395
NODATA_value  -9999
[rows 161 to 183 of 249, columns 51 to 101 of 262]
-9999 -9999 -9999 -9999 -9999 -9999 -9999 -9999 -9999 -9999 -9999 -9999 -9999 -9999 -9999 -9999 2276.385009765625 2274.35595703125 2273.9580078125 2273.118896484375 2271.801025390625 2271.73193359375 2267.214111328125 2274.905029296875 2291.285888671875 2309.718017578125 2330.198974609375 2342.12109375 2329.001953125 2310.10400390625 2286.72509765625 2274.237060546875 2265.528076171875 2253.9599609375 2242.910888671875 2235.9619140625 2227.52294921875 2214.654052734375 2203.216064453125 2196.547119140625 2188.827880859375 2174.80908203125 2160.10009765625 2145.041015625 2125.1630859375 2103.64404296875 2087.784912109375 2074.56591796875 2058.757080078125 2046.447998046875 2032.699951171875
-9999 -9999 -9999 -9999 -9999 -9999 -9999 -9999 -9999 -9999 -9999 -9999 -9999 -9999 -9999 -9999 2272.26611328125 2268.9970703125 2269.22900390625 2270.030029296875 2271.862060546875 2270.113037109375 2268.77490234375 2261.126953125 2278.528076171875 2302.158935546875 2319.56103515625 2336.60205078125 2328.533935546875 2310.6650390625 2287.4169921875 2272.077880859375 2262.780029296875 2253.48095703125 2241.572021484375 2232.633056640625 2224.074951171875 2213.926025390625 2200.427001953125 2194.968017578125 2187.2890625 2177.139892578125 2161.5009765625 2144.193115234375 2126.093994140625 2106.5849609375 2081.18603515625 2062.297119140625 2049.91796875 2038.6400146484375 2028.7110595703125
-9999 -9999 -9999 -9999 -9999 -9999 -9999 -9999 -9999 -9999 -9999 -9999 -9999 -9999 -9999 -9999 2269.366943359375 2268.22802734375 2265.590087890625 2267.8310546875 2266.4130859375 2267.714111328125 2267.486083984375 2261.126953125 2267.68896484375 2293.800048828125 2313.612060546875 2330.742919921875 2327.114990234375 2308.26611328125 2285.218017578125 2270.029052734375 2259.35107421875 2249.011962890625 2238.803955078125 2228.425048828125 2217.74609375 2207.757080078125 2201.087890625 2194.299072265625 2186.719970703125 2177.092041015625 2162.212890625 2144.404052734375 2122.945068359375 2096.68603515625 2074.9169921875 2061.368896484375 2046.0799560546875 2036.98095703125 2026.83203125
-9999 -9999 -9999 -9999 -9999 -9999 -9999 -9999 -9999 -9999 -9999 -9999 -9999 -9999 -9999 -9999 2264.318115234375 2265.090087890625 2262.631103515625 2262.212890625 2262.77392578125 2263.966064453125 2264.51708984375 2263.759033203125 2260.3798828125 2293.991943359375 2309.153076171875 2322.47509765625 2319.6259765625 2303.597900390625 2287.388916015625 2265.930908203125 2257.491943359375 2245.904052734375 2235.304931640625 2224.365966796875 2215.6669921875 2205.26806640625 2199.759033203125 2194.930908203125 2186.85205078125 2175.843017578125 2161.23388671875 2142.705078125 2116.785888671875 2086.2880859375 2069.35888671875 2057.409912109375 2046.490966796875 2035.4720458984375 2026.383056640625
-9999 -9999 -9999 -9999 -9999 -9999 -9999 -9999 -9999 -9999 -9999 -9999 -9999 -9999 -9999 -9999 2261.958984375 2260.041015625 2258.912109375 2257.02392578125 2262.405029296875 2257.85693359375 2262.617919921875 2261.68994140625 2259.5810546875 2281.23291015625 2304.053955078125 2316.74609375 2314.076904296875 2302.51904296875 2289.93994140625 2268.741943359375 2252.462890625 2241.175048828125 2231.785888671875 2224.64697265625 2216.778076171875 2207.239990234375 2199.301025390625 2195.281982421875 2183.3330078125 2173.424072265625 2158.794921875 2138.76611328125 2107.587890625 2083.589111328125 2068.780029296875 2055.73095703125 2045.2020263671875 2032.5030517578125 2025.4639892578125
-9999 -9999 -9999 -9999 -9999 -9999 -9999 -9999 -9999 -9999 -9999 -9999 -9999 -9999 -9999 -9999 -9999 2256.83203125 2257.123046875 2256.784912109375 2254.656005859375 2255.3779296875 2253.62890625 2257.631103515625 2256.201904296875 2270.864013671875 2297.364990234375 2310.26708984375 2309.60791015625 2300.639892578125 2288.10205078125 2270.89306640625 2249.425048828125 2236.805908203125 2226.47705078125 2223.26806640625 2216.580078125 2209.1708984375 2200.092041015625 2191.052978515625 2183.333984375 2171.8349609375 2156.22705078125 2131.968017578125 2103.069091796875 2082.52001953125 2070.591064453125 2056.422119140625 2041.1529541015625 2032.7950439453125 2027.0260009765625
-9999 -9999 -9999 -9999 -9999 -9999 -9999 -9999 -9999 -9999 -9999 -9999 -9999 -9999 -9999 -9999 -9999 2261.06298828125 2255.513916015625 2254.055908203125 2252.60693359375 2252.118896484375 2253.801025390625 2255.02197265625 2257.243896484375 2263.4951171875 2287.287109375 2304.818115234375 2305.6201171875 2298.591064453125 2284.9130859375 2272.6640625 2248.5458984375 2230.677001953125 2224.87890625 2221.5400390625 2216.81103515625 2210.94189453125 2201.383056640625 2190.64404296875 2181.514892578125 2168.10693359375 2154.6279296875 2127.09912109375 2100 2084.87109375 2072.85205078125 2057.083984375 2046.074951171875 2035.7559814453125 2024.4169921875
-9999 -9999 -9999 -9999 -9999 -9999 -9999 -9999 -9999 -9999 -9999 -9999 -9999 -9999 -9999 -9999 -9999 -9999 2257.595947265625 2254.43701171875 2253.118896484375 2249.65087890625 2249.65087890625 2254.10302734375 2253.445068359375 2253.535888671875 2278.968017578125 2298.68896484375 2300.450927734375 2294.6220703125 2283.14404296875 2272.26611328125 2247.757080078125 2231.72900390625 2223.93994140625 2219.60107421875 2216.302001953125 2210.492919921875 2201.833984375 2189.736083984375 2179.326904296875 2168.347900390625 2151.0791015625 2125.840087890625 2097.881103515625 2086.23291015625 2074.243896484375 2061.81494140625 2048.256103515625 2034.3370361328125 2023.137939453125
-9999 -9999 -9999 -9999 -9999 -9999 -9999 -9999 -9999 -9999 -9999 -9999 -9999 -9999 -9999 -9999 -9999 -9999 -9999 2255.488037109375 2258.080078125 2249.65087890625 2250.992919921875 2253.654052734375 2247.43603515625 2243.777099609375 2266.76904296875 2287.541015625 2289.94189453125 2289.10400390625 2279.544921875 2268.797119140625 2256.89794921875 2233.60009765625 2220.4208984375 2217.241943359375 2211.822998046875 2206.6650390625 2199.7060546875 2187.156982421875 2178.76806640625 2165.59912109375 2152.510009765625 2126.98095703125 2102.722900390625 2089.283935546875 2076.264892578125 2065.555908203125 2049.2470703125 2035.2080078125 2024.178955078125
-9999 -9999 -9999 -9999 -9999 -9999 -9999 -9999 -9999 -9999 -9999 -9999 -9999 -9999 -9999 -9999 -9999 -9999 -9999 2243.9990234375 2244.541015625 2243.35205078125 2239.1240234375 2234.135986328125 2232.076904296875 2236.549072265625 2254.2900390625 2270.48193359375 2278.39306640625 2279.175048828125 2272.9560546875 2264.657958984375 2255.780029296875 2239.2109375 2220.721923828125 2211.243896484375 2209.364990234375 2201.7958984375 2195.2470703125 2184.677978515625 2175.39892578125 2164 2151.9619140625 2130.762939453125 2109.93408203125 2091.215087890625 2078.3359375 2065.4169921875 2050.337890625 2039.8499755859375 2021.6610107421875
-9999 -9999 -9999 -9999 -9999 -9999 -9999 -9999 -9999 -9999 -9999 -9999 -9999 -9999 -9999 -9999 -9999 -9999 -9999 2220.44091796875 2221.632080078125 2220.384033203125 2217.264892578125 2213.56689453125 2211.16796875 2220.330078125 2234.4609375 2255.7529296875 2262.114990234375 2265.7060546875 2262.43798828125 2257.388916015625 2250.69091796875 2243.0419921875 2222.98388671875 2210.054931640625 2206.0458984375 2199.43701171875 2192.447998046875 2184.239013671875 2173.659912109375 2160.422119140625 2150.48291015625 2134.424072265625 2113.125 2091.156005859375 2080.43701171875 2064.928955078125 2053.669921875 2040.7509765625 2023.1820068359375
-9999 -9999 -9999 -9999 -9999 -9999 -9999 -9999 -9999 -9999 -9999 -9999 -9999 -9999 -9999 -9999 -9999 -9999 -9999 2198.672119140625 2199.552978515625 2197.97509765625 2196.7958984375 2194.72802734375 2193.239013671875 2207.90087890625 2229.653076171875 2240.0439453125 2242.64599609375 2250.2470703125 2251.05908203125 2247.080078125 2243.662109375 2238.73388671875 2231.68505859375 2213.9560546875 2199.85693359375 2195.5380859375 2189.3291015625 2182.571044921875 2178.822021484375 2159.56298828125 2146.98388671875 2134.034912109375 2112.93603515625 2092.298095703125 2080.35888671875 2067.14990234375 2057.990966796875 2041.6719970703125 2023.60302734375
-9999 -9999 -9999 -9999 -9999 -9999 -9999 -9999 -9999 -9999 -9999 -9999 -9999 -9999 -9999 -9999 -9999 -9999 -9999 2177.782958984375 2178.14404296875 2177.555908203125 2177.16796875 2175.84912109375 2177.62109375 2195.842041015625 2216.9541015625 2225.094970703125 2229.757080078125 2229.569091796875 2234.72998046875 2235.612060546875 2233.863037109375 2232.7548828125 2230.1259765625 2219.427001953125 2204.30810546875 2192.75 2185.041015625 2180.23193359375 2175.693115234375 2161.7939453125 2143.514892578125 2129.756103515625 2115.6279296875 2096.85888671875 2081.7099609375 2068.781005859375 2057.822021484375 2044.52294921875 2028.2239990234375
-9999 -9999 -9999 -9999 -9999 -9999 -9999 -9999 -9999 -9999 -9999 -9999 -9999 -9999 -9999 -9999 -9999 -9999 -9999 2157.85400390625 2158.656005859375 2158.06689453125 2157.928955078125 2158.97998046875 2164.751953125 2186.54296875 2208.344970703125 2212.806884765625 2213.197998046875 2215.0400390625 2218.6708984375 2220.673095703125 2221.2451171875 2224.27587890625 2224.056884765625 2215.22900390625 2205.719970703125 2196.3310546875 2184.052001953125 2178.6630859375 2172.77392578125 2162.14501953125 2145.537109375 2127.8779296875 2114.368896484375 2099.72998046875 2084.131103515625 2070.7919921875 2057.79296875 2046.8050537109375 2030.3060302734375
-9999 -9999 -9999 -9999 -9999 -9999 -9999 -9999 -9999 -9999 -9999 -9999 -9999 -9999 -9999 -9999 -9999 -9999 -9999 2140.93505859375 2141.547119140625 2140.298095703125 2140.2900390625 2141.760986328125 2152.89306640625 2172.824951171875 2190.535888671875 2200.327880859375 2198.26904296875 2198.930908203125 2200.8330078125 2203.884033203125 2206.1259765625 2210.636962890625 2213.948974609375 2210.77001953125 2202.4208984375 2194.431884765625 2185.193115234375 2174.803955078125 2165.486083984375 2157.217041015625 2144.427978515625 2127.868896484375 2112.7099609375 2101.7509765625 2089.33203125 2074.4140625 2058.784912109375 2047.416015625 2034.0970458984375
-9999 -9999 -9999 -9999 -9999 -9999 -9999 -9999 -9999 -9999 -9999 -9999 -9999 -9999 -9999 -9999 -9999 -9999 -9999 2127.43603515625 2125.76806640625 2124.26904296875 2123.90087890625 2126.052978515625 2136.634033203125 2155.426025390625 2166.866943359375 2176.8291015625 2181.4609375 2186.162109375 2185.323974609375 2185.945068359375 2189.906982421875 2194.09912109375 2198.25 2201.15087890625 2198.991943359375 2188.873046875 2182.033935546875 2174.696044921875 2161.47705078125 2152.2880859375 2141.18896484375 2129.25 2112.12109375 2099.843017578125 2089.333984375 2077.2451171875 2063.3359375 2049.20703125 2034.0179443359375
-9999 -9999 -9999 -9999 -9999 -9999 -9999 -9999 -9999 -9999 -9999 -9999 -9999 -9999 -9999 -9999 -9999 -9999 -9999 2117.306884765625 2113.458984375 2110.56103515625 2110.552001953125 2111.56396484375 2121.445068359375 2140.10693359375 2149.59912109375 2162.3798828125 2168.6220703125 2168.492919921875 2171.64501953125 2172.037109375 2175.7880859375 2176.6298828125 2177.64111328125 2181.94189453125 2180.532958984375 2179.794921875 2178.635986328125 2171.95703125 2164.847900390625 2148.89892578125 2132.969970703125 2121.950927734375 2113.10302734375 2100.333984375 2084.965087890625 2072.8759765625 2061.047119140625 2045.93798828125 2031.6390380859375
-9999 -9999 -9999 -9999 -9999 -9999 -9999 -9999 -9999 -9999 -9999 -9999 -9999 -9999 -9999 -9999 -9999 -9999 -9999 2110.5791015625 2101.89990234375 2098.162109375 2097.952880859375 2099.155029296875 2107.20703125 2121.30810546875 2132.580078125 2148.69091796875 2156.343017578125 2156.675048828125 2156.446044921875 2157.697998046875 2158.05908203125 2160.510986328125 2158.422119140625 2158.513916015625 2157.77490234375 2155.27587890625 2160.576904296875 2165.16796875 2158.80908203125 2151.080078125 2137.85205078125 2121.35302734375 2110.23388671875 2096.304931640625 2084.696044921875 2064.116943359375 2051.43798828125 2034.3599853515625 2021.781005859375
-9999 -9999 -9999 -9999 -9999 -9999 -9999 -9999 -9999 -9999 -9999 -9999 -9999 -9999 -9999 -9999 -9999 -9999 -9999 2100.949951171875 2094.14111328125 2085.153076171875 2085.10498046875 2083.555908203125 2089.498046875 2101.009033203125 2117.31103515625 2133.98291015625 2142.404052734375 2144.365966796875 2142.72705078125 2141.989013671875 2141.10107421875 2142.4619140625 2140.52392578125 2138.534912109375 2138.56591796875 2136.56689453125 2138.927978515625 2142.029052734375 2142.760986328125 2139.60205078125 2133.68310546875 2124.72412109375 2108.544921875 2099.5859375 2085.967041015625 2064.708984375 2049.449951171875 2028.1409912109375 2006.1519775390625
-9999 -9999 -9999 -9999 -9999 -9999 -9999 -9999 -9999 -9999 -9999 -9999 -9999 -9999 -9999 -9999 -9999 -9999 -9999 2083.091064453125 2078.552001953125 2079.31396484375 2078.716064453125 2075.806884765625 2075.9990234375 2085.31103515625 2101.382080078125 2119.64404296875 2126.35498046875 2126.876953125 2127.218994140625 2126.0400390625 2125.94189453125 2123.154052734375 2123.445068359375 2120.1259765625 2118.60693359375 2119.407958984375 2116.31005859375 2118.470947265625 2120.882080078125 2118.9130859375 2116.5439453125 2114.43505859375 2105.156005859375 2095.988037109375 2086.64892578125 2071.8798828125 2057.2109375 2032.2220458984375 2009.6629638671875
-9999 -9999 -9999 -9999 -9999 -9999 -9999 -9999 -9999 -9999 -9999 -9999 -9999 -9999 -9999 -9999 -9999 -9999 -9999 2076.951904296875 2078.134033203125 2074.294921875 2068.027099609375 2063.51806640625 2062.300048828125 2071.221923828125 2091.04296875 2103.77490234375 2112.757080078125 2110.528076171875 2108.090087890625 2106.201904296875 2104.302978515625 2101.5849609375 2102.406005859375 2101.5869140625 2100.01904296875 2098.02001953125 2096.111083984375 2097.842041015625 2098.373046875 2098.4140625 2097.39501953125 2095.56591796875 2091.51806640625 2087.388916015625 2080.719970703125 2069.81103515625 2057.862060546875 2036.6629638671875 2012.9940185546875
-9999 -9999 -9999 -9999 -9999 -9999 -9999 -9999 -9999 -9999 -9999 -9999 -9999 -9999 -9999 -9999 -9999 -9999 2076.740966796875 2068.85302734375 2064.264892578125 2066.575927734375 2058.14794921875 2054.719970703125 2052.490966796875 2062.512939453125 2081.304931640625 2090.426025390625 2097.7080078125 2095.0390625 2089.970947265625 2086.173095703125 2087.18408203125 2085.656005859375 2083.39794921875 2084.388916015625 2082.610107421875 2079.740966796875 2077.572021484375 2078.14306640625 2080.424072265625 2083.06494140625 2079.297119140625 2077.2080078125 2073.3291015625 2069.72998046875 2068.450927734375 2061.261962890625 2051.012939453125 2035.18505859375 2014.885986328125
-9999 -9999 -9999 -9999 -9999 -9999 -9999 -9999 -9999 -9999 -9999 -9999 -9999 -9999 -9999 -9999 -9999 -9999 2059.68310546875 2050.904052734375 2047.8360595703125 2057.7080078125 2048.55908203125 2046.1510009765625 2042.3719482421875 2050.73388671875 2063.2958984375 2072.237060546875 2079.55908203125 2076.660888671875 2071.052001953125 2067.98388671875 2067.555908203125 2069.35693359375 2066.208984375 2065.610107421875 2065.6708984375 2064.931884765625 2066.452880859375 2064.77392578125 2063.825927734375 2064.787109375 2065.14794921875 2060.7890625 2054.030029296875 2054.531005859375 2052.802001953125 2049.1640625 2042.4549560546875 2031.7960205078125 2010.7469482421875
