data/DEM_4.asc
ncols        52
nrows        153
xllcorner    633213.074450990767
yllcorner    5127742.811997856945
cellsize     30.005356186395
NODATA_value  -9999
[rows 96 to 119 of 153, columns 0 to 51 of 52]
-9999 -9999 -9999 -9999 -9999 -9999 1132.739990234375 1128.362060546875 1118.14404296875 1109.2349853515625 1098.906982421875 1088.998046875 1078.4000244140625 1062.27099609375 1044.8819580078125 1035.833984375 1028.9749755859375 1024.5670166015625 1023.60797119140625 1027.1099853515625 1024.9210205078125 1022.25299072265625 1020.42401123046875 1020.32501220703125 1019.5269775390625 1015.86798095703125 1015.36102294921875 1012.58099365234375 1011.3809814453125 1009.21697998046875 1006.1090087890625 1003.57098388671875 1000.24200439453125 997.4320068359375 995.23199462890625 989.66998291015625 -9999 -9999 -9999 -9999 -9999 -9999 -9999 -9999 -9999 -9999 -9999 -9999 -9999 -9999 -9999 -9999
-9999 -9999 -9999 1132.06396484375 1128.0059814453125 1126.8079833984375 1120.530029296875 1118.1820068359375 1110.5340576171875 1106.594970703125 1103.237060546875 1096.387939453125 1075.1500244140625 1055.3509521484375 1045.04296875 1038.1240234375 1034.3060302734375 1030.927001953125 1035.447998046875 1032.6199951171875 1031.1510009765625 1027.512939453125 1027.2540283203125 1025.0760498046875 1024.0269775390625 1021.97900390625 1021.51300048828125 1020.32000732421875 1016.44000244140625 1015.2080078125 1012.22900390625 1007.45098876953125 1005.11700439453125 1002.135009765625 999.22698974609375 -9999 -9999 -9999 -9999 -9999 -9999 -9999 -9999 -9999 -9999 -9999 -9999 -9999 -9999 -9999 -9999 -9999
-9999 1135.8900146484375 1133.2120361328125 1130.7840576171875 1127.635986328125 1124.468017578125 1118.9200439453125 1114.77197265625 1109.333984375 1106.64599609375 1109.0169677734375 1103.2779541015625 1076.6500244140625 1055.970947265625 1049.1529541015625 1043.56396484375 1042.615966796875 1047.3170166015625 1042.93896484375 1035.449951171875 1035.1619873046875 1035.6629638671875 1033.1839599609375 1033.156005859375 1031.886962890625 1030.698974609375 1026.135986328125 1024.291015625 1024.279052734375 1019.4110107421875 1017.06500244140625 1011.9110107421875 1008.0770263671875 1006.95001220703125 -9999 -9999 -9999 -9999 -9999 -9999 -9999 -9999 -9999 -9999 -9999 -9999 -9999 -9999 -9999 -9999 -9999 -9999
1143.0780029296875 1139.68994140625 1136.261962890625 1132.4439697265625 1128.7659912109375 1125.248046875 1118.6199951171875 1114.2020263671875 1109.31396484375 1104.2159423828125 1100.487060546875 1091.18896484375 1080.5799560546875 1063.1610107421875 1056.012939453125 1058.2939453125 1059.5460205078125 1052.6669921875 1044.259033203125 1040.6300048828125 1041.781982421875 1040.02294921875 1038.2550048828125 1039.656005859375 1038.407958984375 1036.5989990234375 1034.717041015625 1031.0009765625 1029.176025390625 1024.751953125 1031.9150390625 1019.65997314453125 1015.99700927734375 -9999 -9999 -9999 -9999 -9999 -9999 -9999 -9999 -9999 -9999 -9999 -9999 -9999 -9999 -9999 -9999 -9999 -9999 -9999
1148.43798828125 1144.0899658203125 1139.991943359375 1135.2340087890625 1132.3160400390625 1127.72802734375 1124.3299560546875 1120.2020263671875 1113.9639892578125 1106.10595703125 1093.6070556640625 1087.1090087890625 1074.27001953125 1068.2320556640625 1071.4429931640625 1072.885009765625 1067.43603515625 1055.0670166015625 1050.0789794921875 1048.969970703125 1046.7919921875 1047.9530029296875 1046.8050537109375 1044.5460205078125 1045.66796875 1042.8790283203125 1042.4820556640625 1038.571044921875 1034.219970703125 1034.5389404296875 1045.323974609375 1035.9189453125 1029.9339599609375 -9999 -9999 -9999 -9999 -9999 -9999 -9999 -9999 -9999 -9999 -9999 -9999 -9999 -9999 -9999 -9999 -9999 -9999 -9999
1156.5980224609375 1151.2099609375 1147.1319580078125 1147.2340087890625 1144.365966796875 1137.988037109375 1132.77001953125 1126.9219970703125 1120.2540283203125 1111.2159423828125 1104.89697265625 1099.1590576171875 1081.3800048828125 1076.822021484375 1088.822998046875 1078.625 1065.0059814453125 1058.5780029296875 1057.1190185546875 1054.6209716796875 1053.302001953125 1055.9439697265625 1051.14501953125 1052.906005859375 1051.47802734375 1049.76904296875 1046.3170166015625 1045.0770263671875 1041.7559814453125 1049.427978515625 1061.136962890625 1051.2230224609375 -9999 -9999 -9999 -9999 -9999 -9999 -9999 -9999 -9999 -9999 -9999 -9999 -9999 -9999 -9999 -9999 -9999 -9999 -9999 -9999
1163.8480224609375 1160.5799560546875 1159.4620361328125 1156.6639404296875 1153.4560546875 1150.5179443359375 1147.219970703125 1142.781982421875 1135.5439453125 1117.0159912109375 1123.0980224609375 1109.678955078125 1093.8599853515625 1085.1920166015625 1097.873046875 1076.0450439453125 1070.926025390625 1067.7779541015625 1063.6390380859375 1062.6109619140625 1061.501953125 1061.4339599609375 1059.60498046875 1059.876953125 1059.6280517578125 1056.510009765625 1051.8050537109375 1058.074951171875 1051.0379638671875 1062.6409912109375 1075.2099609375 -9999 -9999 -9999 -9999 -9999 -9999 -9999 -9999 -9999 -9999 -9999 -9999 -9999 -9999 -9999 -9999 -9999 -9999 -9999 -9999 -9999
1172.8079833984375 1172.239990234375 1169.761962890625 1168.1639404296875 1166.4959716796875 1161.8580322265625 1160.06005859375 1157.491943359375 1146.9439697265625 1127.595947265625 1135.5379638671875 1125.8790283203125 1106.1810302734375 1094.572021484375 1094.864013671875 1078.4849853515625 1076.97705078125 1073.91796875 1071.3489990234375 1068.73095703125 1070.1820068359375 1068.06396484375 1066.7049560546875 1066.616943359375 1066.008056640625 1064.43994140625 1061.2349853515625 1068.0909423828125 1063.373046875 1074.7259521484375 1084.636962890625 -9999 -9999 -9999 -9999 -9999 -9999 -9999 -9999 -9999 -9999 -9999 -9999 -9999 -9999 -9999 -9999 -9999 -9999 -9999 -9999 -9999
1183.887939453125 1182.510009765625 1183.2220458984375 1180.2239990234375 1179.906005859375 1174.5479736328125 1170.2099609375 1168.4820556640625 1155.7939453125 1143.1259765625 1146.16796875 1135.8590087890625 1113.7010498046875 1101.9820556640625 1100.31396484375 1086.8050537109375 1086.876953125 1082.738037109375 1080.5699462890625 1078.9110107421875 1077.1529541015625 1075.823974609375 1073.64599609375 1074.677001953125 1077.26904296875 1074.8599853515625 1071.6409912109375 1081.071044921875 1074.73095703125 1085.8349609375 1095.06103515625 -9999 -9999 -9999 -9999 -9999 -9999 -9999 -9999 -9999 -9999 -9999 -9999 -9999 -9999 -9999 -9999 -9999 -9999 -9999 -9999 -9999
-9999 1193.4000244140625 1191.4820556640625 1191.0439453125 1188.196044921875 1184.2779541015625 1181.3499755859375 1177.123046875 1156.3349609375 1160.43603515625 1156.008056640625 1135.3690185546875 1117.220947265625 1122.072021484375 1114.134033203125 1096.5550537109375 1095.5069580078125 1092.2979736328125 1089.8199462890625 1088.031005859375 1084.6429443359375 1080.343994140625 1082.196044921875 1085.5169677734375 1096.3489990234375 1088.3499755859375 1083.5260009765625 1095.1409912109375 1085.2650146484375 1095.906005859375 1107.5059814453125 -9999 -9999 -9999 -9999 -9999 -9999 -9999 -9999 -9999 -9999 -9999 -9999 -9999 -9999 -9999 -9999 -9999 -9999 -9999 -9999 -9999
-9999 1207.0999755859375 1203.261962890625 1199.7750244140625 1195.3270263671875 1191.8590087890625 1190.4510498046875 1181.60302734375 1164.5250244140625 1175.616943359375 1154.447998046875 1135.8199462890625 1134.9510498046875 1142.4229736328125 1126.0340576171875 1106.8050537109375 1104.3570556640625 1102.3580322265625 1100.0799560546875 1098.470947265625 1092.02294921875 1090.9739990234375 1091.0760498046875 1096.886962890625 1108.3790283203125 1100.22998046875 1096.45703125 1108.1419677734375 1098.35302734375 1105.2960205078125 1119.5009765625 -9999 -9999 -9999 -9999 -9999 -9999 -9999 -9999 -9999 -9999 -9999 -9999 -9999 -9999 -9999 -9999 -9999 -9999 -9999 -9999 -9999
-9999 -9999 1210.8929443359375 1208.56494140625 1205.3070068359375 1204.0989990234375 1201.8509521484375 1188.0030517578125 1181.10498046875 1180.0169677734375 1158.2779541015625 1146.4100341796875 1155.801025390625 1154.9329833984375 1135.9339599609375 1119.9859619140625 1113.5369873046875 1111.708984375 1109.2900390625 1102.10205078125 1103.343017578125 1101.7049560546875 1114.365966796875 1117.2080078125 1120.759033203125 1110.9010009765625 1109.6190185546875 1119.72802734375 1111.375 1118.1829833984375 -9999 -9999 -9999 -9999 -9999 -9999 -9999 -9999 -9999 -9999 -9999 -9999 -9999 -9999 -9999 -9999 -9999 -9999 -9999 -9999 -9999 -9999
-9999 -9999 1220.883056640625 1219.375 1216.72705078125 1215.428955078125 1212.31103515625 1193.3929443359375 1198.2149658203125 1186.6669921875 1165.8079833984375 1161.7900390625 1174.3609619140625 1166.8330078125 1148.884033203125 1129.2259521484375 1122.3170166015625 1119.178955078125 1111.0799560546875 1113.4620361328125 1114.1729736328125 1120.7049560546875 1128.39599609375 1135.14794921875 1133.72900390625 1120.801025390625 1122.8909912109375 1129.0560302734375 1126.0760498046875 1130.10205078125 -9999 -9999 -9999 -9999 -9999 -9999 -9999 -9999 -9999 -9999 -9999 -9999 -9999 -9999 -9999 -9999 -9999 -9999 -9999 -9999 -9999 -9999
-9999 -9999 1234.1829833984375 1232.06494140625 1227.2969970703125 1226.3389892578125 1222.77099609375 1204.133056640625 1212.125 1197.2569580078125 1177.157958984375 1176.8699951171875 1191.6610107421875 1179.9530029296875 1158.7239990234375 1136.3260498046875 1132.136962890625 1119.3990478515625 1120.81103515625 1125.9620361328125 1131.134033203125 1140.9749755859375 1149.447021484375 1151.47802734375 1144.550048828125 1133.0810546875 1137.39501953125 1148.802978515625 1140.9510498046875 1144.6219482421875 -9999 -9999 -9999 -9999 -9999 -9999 -9999 -9999 -9999 -9999 -9999 -9999 -9999 -9999 -9999 -9999 -9999 -9999 -9999 -9999 -9999 -9999
-9999 -9999 -9999 1246.7249755859375 1242.5369873046875 1240.239013671875 1230.291015625 1217.9229736328125 1223.9749755859375 1206.3070068359375 1188.489013671875 1194.3299560546875 1205.6419677734375 1185.613037109375 1161.14501953125 1143.365966796875 1132.68798828125 1130.3389892578125 1132.1209716796875 1139.83203125 1145.31396484375 1160.89501953125 1169.886962890625 1166.197998046875 1153 1146.990966796875 1157.031982421875 1162.636962890625 1158.0909423828125 1160.4219970703125 -9999 -9999 -9999 -9999 -9999 -9999 -9999 -9999 -9999 -9999 -9999 -9999 -9999 -9999 -9999 -9999 -9999 -9999 -9999 -9999 -9999 -9999
-9999 -9999 -9999 1260.364990234375 1256.4169921875 1255.43896484375 1242.6710205078125 1233.593017578125 1235.60498046875 1213.677001953125 1206.529052734375 1211.949951171875 1198.501953125 1178.782958984375 1160.094970703125 1144.2960205078125 1141.5780029296875 1149.8890380859375 1156.4510498046875 1156.281982421875 1168.154052734375 1179.85498046875 1187.5169677734375 1180.0980224609375 1164.699951171875 1164.1319580078125 1175.9549560546875 1176.3709716796875 1177.636962890625 -9999 -9999 -9999 -9999 -9999 -9999 -9999 -9999 -9999 -9999 -9999 -9999 -9999 -9999 -9999 -9999 -9999 -9999 -9999 -9999 -9999 -9999 -9999
-9999 -9999 -9999 1274.5550537109375 1271.70703125 1268.76904296875 1250.510986328125 1249.9830322265625 1243.844970703125 1224.0870361328125 1223.928955078125 1218.1800537109375 1194.52197265625 1172.35302734375 1155.9449462890625 1152.0059814453125 1154.3380126953125 1176.958984375 1179.0810546875 1180.8929443359375 1188.5439453125 1199.9859619140625 1204.6669921875 1192.18896484375 1179.199951171875 1179.1719970703125 1192.666015625 1192.623046875 1194.842041015625 -9999 -9999 -9999 -9999 -9999 -9999 -9999 -9999 -9999 -9999 -9999 -9999 -9999 -9999 -9999 -9999 -9999 -9999 -9999 -9999 -9999 -9999 -9999
-9999 -9999 -9999 1291.2149658203125 1289.5069580078125 1284.3389892578125 1267.010986328125 1265.9830322265625 1253.9649658203125 1241.6669921875 1242.458984375 1216.93994140625 1193.511962890625 1176.864013671875 1161.925048828125 1172.14697265625 1184.39794921875 1192.949951171875 1198.1309814453125 1203.9229736328125 1206.323974609375 1218.676025390625 1217.70703125 1207.3590087890625 1194.3599853515625 1192.02197265625 1206.615966796875 1209.842041015625 -9999 -9999 -9999 -9999 -9999 -9999 -9999 -9999 -9999 -9999 -9999 -9999 -9999 -9999 -9999 -9999 -9999 -9999 -9999 -9999 -9999 -9999 -9999 -9999
-9999 -9999 -9999 1307.06494140625 1305.0570068359375 1298.239013671875 1278.1209716796875 1281.1829833984375 1265.666015625 1258.5069580078125 1247.958984375 1228.3809814453125 1205.1519775390625 1185.4739990234375 1179.385009765625 1196.3070068359375 1205.3179931640625 1211.6500244140625 1217.6309814453125 1223.9129638671875 1224.9840087890625 1235.385986328125 1233.68798828125 1219.448974609375 1212.4310302734375 1209.302001953125 1218.7149658203125 -9999 -9999 -9999 -9999 -9999 -9999 -9999 -9999 -9999 -9999 -9999 -9999 -9999 -9999 -9999 -9999 -9999 -9999 -9999 -9999 -9999 -9999 -9999 -9999 -9999
-9999 -9999 -9999 1324.0560302734375 1320.718017578125 1307.3699951171875 1297.531982421875 1291.843994140625 1281.2259521484375 1267.738037109375 1240.958984375 1218.1009521484375 1200.33203125 1202.0340576171875 1209.324951171875 1213.8170166015625 1226.637939453125 1232.06005859375 1236.491943359375 1245.322998046875 1245.31494140625 1251.4659423828125 1246.3280029296875 1237.47900390625 1227.071044921875 1224.4320068359375 1229.2340087890625 -9999 -9999 -9999 -9999 -9999 -9999 -9999 -9999 -9999 -9999 -9999 -9999 -9999 -9999 -9999 -9999 -9999 -9999 -9999 -9999 -9999 -9999 -9999 -9999 -9999
-9999 -9999 -9999 -9999 1334.748046875 1316.8399658203125 1317.2919921875 1305.6939697265625 1286.7159423828125 1266.0179443359375 1240.8890380859375 1221.73095703125 1211.781982421875 1219.0240478515625 1224.4549560546875 1236.0570068359375 1245.2979736328125 1251.3900146484375 1257.9010009765625 1266.7230224609375 1267.56396484375 1264.7259521484375 1258.7469482421875 1252.8690185546875 1241.781005859375 1238.52197265625 1250.823974609375 -9999 -9999 -9999 -9999 -9999 -9999 -9999 -9999 -9999 -9999 -9999 -9999 -9999 -9999 -9999 -9999 -9999 -9999 -9999 -9999 -9999 -9999 -9999 -9999 -9999
-9999 -9999 -9999 -9999 1345.4169921875 1332.698974609375 1332.56103515625 1307.2130126953125 1285.81494140625 1269.45703125 1248.2679443359375 1225.8399658203125 1232.31103515625 1240.04296875 1247.06494140625 1259.8360595703125 1267.907958984375 1270.259033203125 1282.8809814453125 1288.092041015625 1285.6639404296875 1278.2950439453125 1270.177001953125 1266.8480224609375 1257.280029296875 1257.2110595703125 -9999 -9999 -9999 -9999 -9999 -9999 -9999 -9999 -9999 -9999 -9999 -9999 -9999 -9999 -9999 -9999 -9999 -9999 -9999 -9999 -9999 -9999 -9999 -9999 -9999 -9999
-9999 -9999 -9999 1373.553955078125 1358.135986328125 1350.66796875 1336.75 1312.9720458984375 1288.4739990234375 1264.0660400390625 1244.947998046875 1239.1190185546875 1251.571044921875 1262.7320556640625 1269.5439453125 1282.0050048828125 1290.0770263671875 1293.2879638671875 1303.449951171875 1304.33203125 1298.29296875 1290.844970703125 1281.166015625 1274.887939453125 1269.0889892578125 1266.0909423828125 -9999 -9999 -9999 -9999 -9999 -9999 -9999 -9999 -9999 -9999 -9999 -9999 -9999 -9999 -9999 -9999 -9999 -9999 -9999 -9999 -9999 -9999 -9999 -9999 -9999 -9999
-9999 -9999 -9999 1388.2939453125 1375.385986328125 1358.947998046875 1333.8599853515625 1311.8819580078125 1297.6429443359375 1274.2149658203125 1245.8170166015625 1261.0989990234375 1273.27001953125 1282.9720458984375 1291.7030029296875 1308.074951171875 1315.156005859375 1321.39794921875 1321.509033203125 1318.2010498046875 1308.7220458984375 1299.4239501953125 1289.2760009765625 1282.116943359375 1274.9189453125 -9999 -9999 -9999 -9999 -9999 -9999 -9999 -9999 -9999 -9999 -9999 -9999 -9999 -9999 -9999 -9999 -9999 -9999 -9999 -9999 -9999 -9999 -9999 -9999 -9999 -9999 -9999
