data/DEM_2.asc
ncols        262
nrows        249
xllcorner    625621.719335832866
yllcorner    5134794.070701659657
cellsize     30.005356186395
NODATA_value  -9999
[rows 161 to 183 of 249, columns 204 to 254 of 262]
2085.655029296875 2097.68408203125 2119.367919921875 2145.01904296875 2169.60791015625 2191.18408203125 2202.636962890625 2216.993896484375 2235.781005859375 2252.27197265625 2264.72412109375 2277.205078125 2285.006103515625 2305.447021484375 2327.55908203125 2345.419921875 2362.180908203125 2378.802978515625 2399.85400390625 2419.0849609375 2436.74609375 2449.6279296875 2465.029052734375 2480.93994140625 2497.801025390625 2513.202880859375 2516.803955078125 2535.014892578125 2553.785888671875 2551.30810546875 2559.4189453125 2575.550048828125 2581.131103515625 2590.04296875 2589.31396484375 2591.044921875 2601.56591796875 2616.677978515625 2633.658935546875 -9999 -9999 -9999 -9999 -9999 -9999 -9999 -9999 -9999 -9999 -9999 -9999
2101.5029296875 2113.81005859375 2126.14892578125 2136.87890625 2160.212890625 2182.514892578125 2206.694091796875 2224.94091796875 2245.08203125 2258.6240234375 2271.675048828125 2286.325927734375 2296.93701171875 2307.888916015625 2325.35009765625 2346.071044921875 2362.902099609375 2377.5439453125 2396.52490234375 2413.785888671875 2431.93701171875 2445.678955078125 2459.639892578125 2474.14111328125 2489.001953125 2500.73388671875 2513.985107421875 2534.696044921875 2540.7880859375 2541.239013671875 2556.760009765625 2565.700927734375 2566.903076171875 2570.444091796875 2576.344970703125 2578.785888671875 2585.907958984375 2599.958984375 2615.280029296875 2642.77099609375 -9999 -9999 -9999 -9999 -9999 -9999 -9999 -9999 -9999 -9999 -9999
2110.8779296875 2122.860107421875 2142.7529296875 2157.903076171875 2171.260986328125 2175.89794921875 2201.7080078125 2221.239013671875 2242.383056640625 2253.93505859375 2264.365966796875 2286.197021484375 2301.998046875 2315.5 2329.52099609375 2343.092041015625 2361.333984375 2378.594970703125 2392.426025390625 2409.007080078125 2423.989013671875 2438.860107421875 2451.87109375 2464.19189453125 2481.823974609375 2502.72509765625 2513.216064453125 2525.556884765625 2526.279052734375 2530.9599609375 2548.56103515625 2555.471923828125 2556.1240234375 2559.60498046875 2563.89599609375 2563.737060546875 2568.0390625 2579.429931640625 2596.801025390625 2617.85205078125 2652.14404296875 -9999 -9999 -9999 -9999 -9999 -9999 -9999 -9999 -9999 -9999
2119.955078125 2138.739013671875 2153.9140625 2174.514892578125 2190.715087890625 2202.617919921875 2216.952880859375 2231.47802734375 2244.284912109375 2258.656005859375 2276.177001953125 2289.177978515625 2299.419921875 2314.361083984375 2329.251953125 2343.9130859375 2353.705078125 2365.756103515625 2382.70703125 2396.6279296875 2416.360107421875 2432.64111328125 2443.69189453125 2460.462890625 2475.155029296875 2491.4560546875 2505.906982421875 2511.968017578125 2516.93994140625 2520.62109375 2535.02197265625 2540.053955078125 2541.14501953125 2543.4560546875 2543.39697265625 2543.029052734375 2549.10009765625 2564.010986328125 2580.802001953125 2613.194091796875 2633.52490234375 2670.06591796875 -9999 -9999 -9999 -9999 -9999 -9999 -9999 -9999 -9999
2128.450927734375 2148.717041015625 2166.3779296875 2182.361083984375 2197.364013671875 2208.611083984375 2226.2119140625 2238.30810546875 2246.946044921875 2261.89697265625 2279.4580078125 2293.319091796875 2305.291015625 2315.112060546875 2330.81298828125 2349.985107421875 2363.426025390625 2376.39697265625 2386.6279296875 2399.699951171875 2416.5009765625 2428.971923828125 2440.383056640625 2456.405029296875 2469.3759765625 2482.037109375 2495.05810546875 2502.60009765625 2504.37109375 2513.81201171875 2519.212890625 2522.885009765625 2523.39599609375 2526.45703125 2525.117919921875 2526.050048828125 2535.841064453125 2548.882080078125 2559.923095703125 2585.6650390625 2617.3359375 2639.076904296875 2651.337890625 -9999 -9999 -9999 -9999 -9999 -9999 -9999 -9999
2135.364990234375 2154.5869140625 2170.1201171875 2188.2880859375 2199.1689453125 2211.3779296875 2225.259033203125 2238.784912109375 2250.177001953125 2262.157958984375 2277.89892578125 2291.551025390625 2301.83203125 2314.31298828125 2332.98388671875 2349.02587890625 2361.01708984375 2372.337890625 2383.05908203125 2397.541015625 2410.761962890625 2421.10302734375 2437.06396484375 2450.345947265625 2461.22705078125 2473.01806640625 2478.888916015625 2483.6708984375 2492.251953125 2502.173095703125 2505.60400390625 2507.3359375 2503.806884765625 2507.298095703125 2505.800048828125 2512.591064453125 2521.652099609375 2530.572998046875 2543.955078125 2572.2060546875 2592.967041015625 2609.097900390625 2639.2900390625 2674.0810546875 -9999 -9999 -9999 -9999 -9999 -9999 -9999
2139.52197265625 2157.993896484375 2173.8369140625 2189.5869140625 2199.2939453125 2210.2099609375 2227.087890625 2241.8349609375 2253.2880859375 2261.93896484375 2275.48095703125 2291.001953125 2305.06298828125 2317.64404296875 2331.0458984375 2346.68701171875 2358.298095703125 2367.799072265625 2380.490966796875 2391.60205078125 2406.532958984375 2415.593994140625 2429.31591796875 2443.217041015625 2455.177978515625 2461.618896484375 2467.69091796875 2471.02197265625 2483.822998046875 2487.343994140625 2490.64599609375 2494.14697265625 2489.93798828125 2494.0791015625 2496.81103515625 2499.14208984375 2504.193115234375 2514.0439453125 2525.406005859375 2551.366943359375 2568.64794921875 2597.84912109375 2628.660888671875 2655.94189453125 2674.73291015625 -9999 -9999 -9999 -9999 -9999 -9999
2140.448974609375 2158.31005859375 2173.912109375 2186.087890625 2197.406005859375 2209.79296875 2226.35791015625 2240.695068359375 2250.458984375 2259.8798828125 2269.991943359375 2289.35302734375 2306.323974609375 2319.5048828125 2331.306884765625 2346.077880859375 2356.09912109375 2363.179931640625 2372.251953125 2388.0029296875 2402.35400390625 2411.0849609375 2424.81689453125 2432.97802734375 2444.638916015625 2456.469970703125 2459.072021484375 2466.822998046875 2473.39404296875 2474.68505859375 2484.366943359375 2479.677978515625 2475.968994140625 2482.969970703125 2483.3720703125 2485.472900390625 2488.593994140625 2500.2958984375 2515.737060546875 2529.80810546875 2552.638916015625 2578.19091796875 2605.951904296875 2635.552978515625 2663.93408203125 2680.696044921875 2697.626953125 -9999 -9999 -9999 -9999
2142.19091796875 2158.819091796875 2173.89599609375 2188.25 2198.62890625 2208.927001953125 2224.054931640625 2236.97900390625 2249.330078125 2258.98193359375 2265.3330078125 2283.114013671875 2301.68505859375 2316.197021484375 2329.097900390625 2343.5390625 2353.030029296875 2361.52197265625 2367.54296875 2378.553955078125 2396.945068359375 2402.427001953125 2417.117919921875 2428.158935546875 2438.1201171875 2443.58203125 2446.18310546875 2452.803955078125 2459.985107421875 2462.156982421875 2470.867919921875 2470.319091796875 2466.929931640625 2467.201904296875 2469.2529296875 2469.64404296875 2475.014892578125 2488.616943359375 2501.197998046875 2515.3291015625 2557.1201171875 2569.922119140625 2597.623046875 2613.52392578125 2645.9951171875 2664.20703125 2682.01806640625 2699.388916015625 -9999 -9999 -9999
2144.35400390625 2160.512939453125 2176.094970703125 2189.468017578125 2200.662109375 2209.97509765625 2221.72998046875 2234.907958984375 2247.02099609375 2256.8330078125 2263.964111328125 2277.175048828125 2296.77587890625 2312.998046875 2324.18896484375 2339.14990234375 2349.52099609375 2356.262939453125 2364.4140625 2373.60498046875 2391.02587890625 2392.927978515625 2409.589111328125 2421.02001953125 2427.510986328125 2431.903076171875 2434.68408203125 2437.68505859375 2444.825927734375 2448.367919921875 2454.458984375 2456.0400390625 2454.220947265625 2453.863037109375 2452.864013671875 2455.614990234375 2462.906005859375 2474.248046875 2486.779052734375 2502.080078125 2525.821044921875 2557.903076171875 2581.10400390625 2599.885009765625 2632.345947265625 2647.548095703125 2668.72900390625 2692.550048828125 2712.490966796875 -9999 -9999
2143.237060546875 2158.919921875 2173.912109375 2186.60107421875 2200.681884765625 2208.962890625 2219.9169921875 2232.218017578125 2244.072998046875 2254.194091796875 2261.7451171875 2274.31591796875 2294.718017578125 2308.339111328125 2320.389892578125 2331.541015625 2341.712890625 2350.384033203125 2357.81494140625 2372.06591796875 2377.968017578125 2388.18896484375 2398.5400390625 2407.98095703125 2410.443115234375 2413.533935546875 2414.864990234375 2417.966064453125 2426.327880859375 2431.968994140625 2439.830078125 2441.410888671875 2437.992919921875 2437.174072265625 2435.614990234375 2440.2958984375 2449.758056640625 2461.18896484375 2474.699951171875 2490.15087890625 2510.623046875 2539.3740234375 2574.72509765625 2599.3759765625 2619.97802734375 2640.618896484375 2659.199951171875 2684.010986328125 2706.822998046875 2729.424072265625 -9999
2142.2080078125 2160.548095703125 2174.572998046875 2191.443115234375 2198.22802734375 2206.74609375 2217.760986328125 2229.55908203125 2241.4541015625 2252.804931640625 2258.466064453125 2271.376953125 2289.638916015625 2303.070068359375 2314.7509765625 2325.52197265625 2333.013916015625 2340.215087890625 2352.8759765625 2367.596923828125 2365.01904296875 2376.75 2383.44091796875 2390.02197265625 2391.944091796875 2394.465087890625 2395.85595703125 2400.777099609375 2409.0390625 2414.159912109375 2421.14111328125 2421.56201171875 2425.333984375 2422.4150390625 2420.77587890625 2428.677001953125 2437.87890625 2449.889892578125 2464.10107421875 2477.741943359375 2506.56396484375 2529.135009765625 2557.135986328125 2586.93701171875 2613.509033203125 2634.050048828125 2655.910888671875 2677.10205078125 2696.533935546875 2719.215087890625 2743.595947265625
2144.22998046875 2160.321044921875 2174.2939453125 2184.069091796875 2193.66796875 2202.634033203125 2213.781982421875 2225.81103515625 2238.054931640625 2250.676025390625 2257.677001953125 2269.239013671875 2284.60009765625 2298.35107421875 2308.94189453125 2314.9140625 2322.735107421875 2336.635986328125 2345.22705078125 2355.59912109375 2351.889892578125 2360.740966796875 2365.902099609375 2370.47412109375 2374.205078125 2377.946044921875 2382.487060546875 2387.26904296875 2391.199951171875 2397.9208984375 2405.5419921875 2405.10400390625 2407.735107421875 2405.22607421875 2409.906982421875 2418.928955078125 2426.77001953125 2439.041015625 2454.412109375 2477.64404296875 2505.965087890625 2530.825927734375 2557.136962890625 2582.589111328125 2604.02001953125 2627.12109375 2650.98193359375 2676.833984375 2700.31494140625 2719.22607421875 2741.287109375
2142.4208984375 2157.534912109375 2171.597900390625 2181.6298828125 2188.304931640625 2196.89697265625 2207.56201171875 2220.006103515625 2231.8759765625 2247.76708984375 2256.718017578125 2268.659912109375 2282.430908203125 2291.85205078125 2297.7529296875 2308.965087890625 2321.31591796875 2328.346923828125 2338.568115234375 2340.080078125 2339.7109375 2342.06201171875 2346.992919921875 2354.324951171875 2359.56591796875 2366.056884765625 2368.528076171875 2374.89990234375 2378.531005859375 2383.35205078125 2390.093017578125 2388.175048828125 2392.2958984375 2393.777099609375 2398.847900390625 2406.489990234375 2416.9208984375 2427.81201171875 2444.822998046875 2492.635009765625 2509.5458984375 2535.326904296875 2557.55810546875 2580.56005859375 2604.220947265625 2623.402099609375 2642.79296875 2661.135009765625 2684.696044921875 2701.76708984375 2722.637939453125
2138.181884765625 2152.81005859375 2166.9130859375 2177.89892578125 2184.305908203125 2194.48095703125 2203.462890625 2211.89208984375 2227.376953125 2241.5380859375 2252.610107421875 2267.8310546875 2278.431884765625 2286.85302734375 2297.06494140625 2307.166015625 2313.39697265625 2319.157958984375 2325.699951171875 2325.27099609375 2322.422119140625 2326.27294921875 2332.905029296875 2341.506103515625 2341.927001953125 2350.818115234375 2358.139892578125 2361.950927734375 2364.902099609375 2370.052978515625 2375.955078125 2376.696044921875 2382.846923828125 2384.8779296875 2390.320068359375 2396.631103515625 2405.031982421875 2415.693115234375 2434.0048828125 2459.76611328125 2486.81689453125 2530.387939453125 2551.409912109375 2565.89111328125 2578.69189453125 2594.262939453125 2615.39404296875 2634.26611328125 2655.116943359375 2678.47802734375 2708.299072265625
2131.881103515625 2146.135986328125 2162.48193359375 2171.6201171875 2183.81396484375 2190.3701171875 2198.76904296875 2211.636962890625 2222.367919921875 2231.739013671875 2246.200927734375 2263.7919921875 2272.462890625 2282.654052734375 2293.93603515625 2301.467041015625 2309.51806640625 2314.72900390625 2312.551025390625 2311.8720703125 2309.3330078125 2317.56396484375 2323.406005859375 2330.906982421875 2331.64794921875 2334.958984375 2344.341064453125 2350.261962890625 2350.492919921875 2357.323974609375 2363.615966796875 2365.846923828125 2371.548095703125 2376.85888671875 2381.5009765625 2389.23193359375 2400.262939453125 2413.4541015625 2428.055908203125 2459.89697265625 2490.347900390625 2515.958984375 2533.5009765625 2548.201904296875 2562.212890625 2581.22412109375 2600.115966796875 2621.636962890625 2643.718017578125 2664.26904296875 2689.180908203125
2125.2470703125 2136.718994140625 2148.39306640625 2160.60693359375 2173.076904296875 2183.824951171875 2195.10107421875 2207.9189453125 2216.178955078125 2224.490966796875 2240.701904296875 2252.572998046875 2264.384033203125 2275.2060546875 2285.346923828125 2293.60791015625 2298.9189453125 2300.791015625 2300.412109375 2299.633056640625 2294.263916015625 2302.49609375 2310.386962890625 2313.5380859375 2317.339111328125 2324.801025390625 2328.882080078125 2330.39306640625 2336.1240234375 2343.56591796875 2349.93701171875 2355.157958984375 2363.569091796875 2369.551025390625 2378.48193359375 2389.623046875 2403.0439453125 2418.0048828125 2434.126953125 2451.697998046875 2470.3291015625 2493.909912109375 2511.221923828125 2534.012939453125 2557.323974609375 2580.385009765625 2600.927001953125 2620.778076171875 2639.47900390625 2659.639892578125 2682.011962890625
2120.487060546875 2124.68603515625 2140.718017578125 2156.0029296875 2170.073974609375 2180.3701171875 2191.384033203125 2204.875 2212.821044921875 2220.5419921875 2231.072998046875 2240.5439453125 2255.14501953125 2265.906982421875 2270.1279296875 2277.739013671875 2281.580078125 2285.572021484375 2285.153076171875 2285.513916015625 2280.804931640625 2294.007080078125 2299.367919921875 2303.958984375 2306.81005859375 2308.412109375 2313.23291015625 2320.00390625 2325.18505859375 2335.81689453125 2340.6279296875 2345.029052734375 2353.8798828125 2364.06201171875 2375.843017578125 2388.194091796875 2402.35498046875 2417.547119140625 2434.407958984375 2451.1689453125 2469.679931640625 2490.89208984375 2513.1630859375 2535.98388671875 2558.534912109375 2582.64697265625 2600.468017578125 2619.7490234375 2637.469970703125 2658.822021484375 2681.0830078125
2104.72705078125 2119.662109375 2131.580078125 2148.510986328125 2162.3349609375 2173.52099609375 2184.927001953125 2199.572998046875 2205.89208984375 2212.032958984375 2220.77392578125 2231.47509765625 2242.2470703125 2250.597900390625 2252.549072265625 2260.489990234375 2264.152099609375 2266.79296875 2268.493896484375 2269.544921875 2272.787109375 2282.0380859375 2288.84912109375 2294.489990234375 2292.85205078125 2295.673095703125 2304.10400390625 2312.715087890625 2320.2470703125 2330.3779296875 2332.4990234375 2338.919921875 2348.450927734375 2358.653076171875 2370.364013671875 2382.955078125 2397.156005859375 2412.337890625 2428.468994140625 2452.030029296875 2473.12109375 2498.282958984375 2521.10400390625 2545.14501953125 2560.926025390625 2580.907958984375 2602.60888671875 2623.679931640625 2642.14111328125 2660.712890625 2677.033935546875
2090.498046875 2111.153076171875 2124.574951171875 2139.031982421875 2154.0048828125 2163.7509765625 2174.29296875 2186.0869140625 2194.79296875 2204.56396484375 2208.465087890625 2211.537109375 2222.927978515625 2228.12890625 2234.14990234375 2241.781005859375 2248.572998046875 2251.89404296875 2253.10498046875 2251.5859375 2261.89794921875 2265.569091796875 2276.219970703125 2276.881103515625 2281.782958984375 2289.6240234375 2297.014892578125 2306.1259765625 2317.2080078125 2318.658935546875 2323.449951171875 2331.470947265625 2340.423095703125 2350.763916015625 2361.9951171875 2375.196044921875 2389.218017578125 2406.89892578125 2427.7900390625 2451.7509765625 2475.072998046875 2496.50390625 2518.864990234375 2537.325927734375 2554.7080078125 2575.85888671875 2597.31005859375 2616.60107421875 2635.862060546875 2654.114013671875 2669.175048828125
2075.12890625 2093.445068359375 2115.575927734375 2130.777099609375 2141.43994140625 2151.158935546875 2159.571044921875 2171.9140625 2179.174072265625 2186.705078125 2188.825927734375 2192.988037109375 2203.30908203125 2208.699951171875 2215.89111328125 2223.403076171875 2233.18408203125 2237.22509765625 2237.176025390625 2235.85791015625 2246.64892578125 2252.179931640625 2257.861083984375 2262.282958984375 2276.50390625 2288.824951171875 2294.736083984375 2300.597900390625 2306.618896484375 2307.239990234375 2313.680908203125 2322.35205078125 2331.364013671875 2341.635009765625 2351.9560546875 2367.047119140625 2385.718994140625 2402.760009765625 2422.430908203125 2444.362060546875 2468.1240234375 2489.405029296875 2508.916015625 2529.806884765625 2548.4189453125 2568.969970703125 2593.8310546875 2615.06201171875 2631.89404296875 2647.985107421875 2674.236083984375
2068.98388671875 2085.69091796875 2102.072998046875 2116.943115234375 2129.785888671875 2140.035888671875 2149.154052734375 2152.10888671875 2161.375 2167.176025390625 2170.14794921875 2175.678955078125 2183.360107421875 2191.37109375 2198.35205078125 2205.583984375 2214.52490234375 2219.196044921875 2222.737060546875 2226.589111328125 2236.18994140625 2240.40087890625 2246.422119140625 2249.614013671875 2259.7451171875 2271.0859375 2277.777099609375 2283.968994140625 2294.780029296875 2295.990966796875 2303.741943359375 2313.4541015625 2321.955078125 2330.85595703125 2342.9169921875 2360.678955078125 2379.1201171875 2400.27099609375 2419.1220703125 2440.64404296875 2463.135009765625 2481.756103515625 2498.116943359375 2515.4580078125 2535.47998046875 2556.881103515625 2582.152099609375 2602.29296875 2626.875 2648.535888671875 2661.56689453125
2055.012939453125 2077.466064453125 2098.8701171875 2114.62109375 2122.9208984375 2130.718994140625 2132.090087890625 2134.89111328125 2140.805908203125 2148.806884765625 2153.968994140625 2158.68994140625 2165.240966796875 2176.19189453125 2183.424072265625 2190.574951171875 2199.716064453125 2204.656982421875 2211.3291015625 2217.64990234375 2222.60107421875 2228.592041015625 2235.654052734375 2240.264892578125 2247.9560546875 2255.35693359375 2264.319091796875 2274 2280.27099609375 2287.362060546875 2295.54296875 2304.9951171875 2313.035888671875 2322.39697265625 2337.998046875 2352.389892578125 2370.37109375 2389.98193359375 2409.98291015625 2426.614990234375 2446.18603515625 2469.3369140625 2492.337890625 2508.860107421875 2525.720947265625 2544.842041015625 2565.5029296875 2589.43505859375 2617.56591796875 2638.806884765625 2652.677978515625
