data/DEM_2.asc
ncols        262
nrows        249
xllcorner    625621.719335832866
yllcorner    5134794.070701659657
cellsize     30.005356186395
NODATA_value  -9999
[rows 115 to 137 of 249, columns 102 to 152 of 262]
2001.7120361328125 1989.3800048828125 1978.4200439453125 1962.4129638671875 1945.5660400390625 1927.43505859375 1908.987060546875 1882.1259765625 1856.4520263671875 1839.4849853515625 1821.1939697265625 1810.885986328125 1800.3590087890625 1786.1600341796875 1775.1400146484375 1766.876953125 1758.6419677734375 1750.47998046875 1739.9990234375 1729.7659912109375 1716.31201171875 1702.9730224609375 1693.6689453125 1690.864013671875 1684.6099853515625 1680.198974609375 1669.4849853515625 1656.2869873046875 1638.657958984375 1623.426025390625 1606.697998046875 1590.876953125 1572.449951171875 1547.35400390625 1522.4139404296875 1497.7030029296875 1474.491943359375 1453.43701171875 1436.4639892578125 1416.614990234375 1391.8360595703125 1381.2149658203125 1381.73095703125 1380.906982421875 1381.6669921875 1387.8079833984375 1394.760986328125 1412.4439697265625 1435.3179931640625 1455.967041015625 1479.2080078125
1990.2969970703125 1975.64697265625 1962.1309814453125 1948.8890380859375 1934.3260498046875 1919.27294921875 1901.998046875 1886.5269775390625 1861.614990234375 1835.970947265625 1820.512939453125 1802.5560302734375 1789.3890380859375 1774.177978515625 1761.3800048828125 1749.845947265625 1741.56494140625 1732.81298828125 1724.698974609375 1715.491943359375 1708.0660400390625 1702.5369873046875 1688.612060546875 1678.154052734375 1672.3929443359375 1669.6700439453125 1662.9580078125 1652.779052734375 1638.47900390625 1618.9210205078125 1603.8160400390625 1589.345947265625 1570.0260009765625 1541.3709716796875 1522.248046875 1498.85400390625 1474.302001953125 1453.47900390625 1436.68994140625 1412.595947265625 1397.16796875 1380.886962890625 1380.6419677734375 1381.248046875 1384.0340576171875 1388.43603515625 1395.094970703125 1406.291015625 1432.5419921875 1454.123046875 1479.1199951171875
1977.0400390625 1966.386962890625 1951.251953125 1943.446044921875 1924.1090087890625 1911.27294921875 1900.4300537109375 1882.1390380859375 1859.1500244140625 1834.175048828125 1812.3719482421875 1793.501953125 1779.4090576171875 1766.123046875 1751.2979736328125 1744.1910400390625 1735.1700439453125 1722.2030029296875 1710.27099609375 1701.531982421875 1693.802978515625 1687.68603515625 1681.594970703125 1678.446044921875 1666.905029296875 1663.0909423828125 1655.7939453125 1645.7979736328125 1629.6419677734375 1615.18505859375 1601.14501953125 1592.5699462890625 1568.759033203125 1544.041015625 1520.0460205078125 1497.0860595703125 1475.427001953125 1455.2679443359375 1436.7340087890625 1416.0789794921875 1400.7679443359375 1384.89599609375 1380.4300537109375 1380.73095703125 1384.427001953125 1388.89501953125 1394.7879638671875 1404.4300537109375 1423.156005859375 1449.511962890625 1475.04296875
1963.345947265625 1954.9429931640625 1947.2149658203125 1938.594970703125 1920.9580078125 1907.029052734375 1891.7779541015625 1867.385009765625 1844.4310302734375 1825.7320556640625 1810.6839599609375 1793.696044921875 1776.7769775390625 1762.468994140625 1751.3900146484375 1739.217041015625 1726.699951171875 1721.583984375 1706.14404296875 1693.52197265625 1684.4119873046875 1678.3189697265625 1673.0460205078125 1667.6639404296875 1665.407958984375 1659.8580322265625 1649.2340087890625 1637.199951171875 1623.9150390625 1612.344970703125 1600.698974609375 1590.5679931640625 1570.6090087890625 1544.9329833984375 1519.3470458984375 1497.93896484375 1475.9019775390625 1457.3470458984375 1439.9730224609375 1418.43896484375 1402.875 1390.636962890625 1378.7330322265625 1379.8580322265625 1382.7659912109375 1389.364013671875 1398.1400146484375 1407.4940185546875 1419.3609619140625 1441.7679443359375 1469.8740234375
1957.178955078125 1948.7659912109375 1937.81005859375 1925.552978515625 1915.7320556640625 1906.43798828125 1898.27001953125 1880.1700439453125 1856.2359619140625 1832.4969482421875 1813.301025390625 1792.25 1775.2430419921875 1761.2939453125 1751.56201171875 1740.0460205078125 1727.053955078125 1715.262939453125 1701.3499755859375 1688.8370361328125 1679.6080322265625 1672.449951171875 1667.2490234375 1665.300048828125 1662.27197265625 1655.10498046875 1644.5870361328125 1629.6829833984375 1616.2879638671875 1604.85400390625 1594.458984375 1578.300048828125 1557.0489501953125 1535.0389404296875 1513.6920166015625 1497.4169921875 1475.0770263671875 1459.02197265625 1442.1180419921875 1425.280029296875 1411.7540283203125 1398.2900390625 1382.6180419921875 1378.7330322265625 1381.7950439453125 1389.02197265625 1399.39794921875 1409.4530029296875 1422.1910400390625 1437.1300048828125 1460.0479736328125
1957.66796875 1948.4539794921875 1938.3089599609375 1929.011962890625 1921.155029296875 1913.8599853515625 1893.1939697265625 1874.052978515625 1848.613037109375 1828.3780517578125 1812.2840576171875 1794.5550537109375 1777.4150390625 1764.7840576171875 1752.9150390625 1738.0550537109375 1722.407958984375 1710.6669921875 1698.89794921875 1687.2099609375 1679.4830322265625 1670.0899658203125 1666.1280517578125 1658.3089599609375 1646.1739501953125 1640.531982421875 1634.1519775390625 1624.6429443359375 1613.427001953125 1600.1929931640625 1584.2750244140625 1569.676025390625 1541.280029296875 1521.095947265625 1501.1319580078125 1488.6949462890625 1470.092041015625 1459.2440185546875 1446.9119873046875 1430.4169921875 1414.426025390625 1402.0760498046875 1386.7159423828125 1376.842041015625 1382.2950439453125 1391.5250244140625 1399.5350341796875 1410.0849609375 1421.68505859375 1433.7149658203125 1451.10498046875
1954.9620361328125 1948.1180419921875 1939.0899658203125 1926.654052734375 1919.89404296875 1898.1500244140625 1879.64697265625 1857.77001953125 1842.4620361328125 1825.0689697265625 1809.071044921875 1795.0909423828125 1784.052978515625 1770.8809814453125 1754.51904296875 1738.4649658203125 1720.2039794921875 1704.916015625 1694.64404296875 1683.698974609375 1678.5699462890625 1671.5279541015625 1668.595947265625 1659.6190185546875 1641.873046875 1630.2979736328125 1614.3990478515625 1603.1700439453125 1594.5550537109375 1582.2679443359375 1567.9000244140625 1545.218017578125 1523.948974609375 1507.4219970703125 1492.97998046875 1482.2049560546875 1470.280029296875 1458.636962890625 1448.1639404296875 1434.60595703125 1419.9730224609375 1409.3790283203125 1393.9139404296875 1375.3599853515625 1379.14404296875 1389.446044921875 1398.5469970703125 1408.592041015625 1419.3189697265625 1432.85302734375 1450.5899658203125
1958.6240234375 1946.968017578125 1935.7879638671875 1924.529052734375 1903.97705078125 1885.303955078125 1869.2740478515625 1850.884033203125 1836.8470458984375 1824.739013671875 1812.0419921875 1800.1719970703125 1788.52197265625 1771.3179931640625 1755.8489990234375 1741.85205078125 1718.987060546875 1702.9110107421875 1693.72705078125 1686.8079833984375 1681.7840576171875 1681.5880126953125 1674.5970458984375 1668.012939453125 1654.196044921875 1645.125 1630.759033203125 1610.9749755859375 1591.5899658203125 1573.2110595703125 1558.4599609375 1550.572021484375 1540.8310546875 1519.904052734375 1497.43896484375 1479.967041015625 1468.9830322265625 1457.6180419921875 1443.3370361328125 1437.4599609375 1426.906005859375 1405.656005859375 1392.5140380859375 1372.302978515625 1377.052001953125 1385.9580078125 1394.9969482421875 1405.489013671875 1416.8480224609375 1430.0469970703125 1448.4990234375
1956.93798828125 1947.0250244140625 1934.052978515625 1911.219970703125 1892.508056640625 1879.592041015625 1863.3790283203125 1851.06494140625 1841.864013671875 1828.1629638671875 1813.281982421875 1802.0269775390625 1785.9310302734375 1770.2049560546875 1754.925048828125 1742.0040283203125 1723.8690185546875 1706.800048828125 1701.9949951171875 1695.7099609375 1688.73095703125 1680.7440185546875 1673.4990234375 1671.9539794921875 1661.2159423828125 1650.1829833984375 1638.011962890625 1627.8280029296875 1612.3690185546875 1592.93505859375 1582.487060546875 1572.741943359375 1548.4749755859375 1527.4139404296875 1501.0899658203125 1481.2769775390625 1467.010009765625 1456.1419677734375 1439.958984375 1422.1519775390625 1419.9840087890625 1400.2900390625 1387.8370361328125 1367.2530517578125 1376.56396484375 1384.385986328125 1391.9219970703125 1400.9150390625 1411.6409912109375 1427.657958984375 1450.5830078125
1960.4560546875 1950.8499755859375 1931.04296875 1905.3919677734375 1890.60595703125 1877.5660400390625 1863.5030517578125 1857.2650146484375 1843.614990234375 1828.5810546875 1816.1090087890625 1799.1619873046875 1782.8719482421875 1765.7220458984375 1751.22998046875 1737.4520263671875 1721.83203125 1706.8470458984375 1702.0400390625 1692.9449462890625 1686.404052734375 1682.3809814453125 1676.9630126953125 1669.66796875 1657.8570556640625 1650.302001953125 1641.448974609375 1631.708984375 1623.8690185546875 1611.2249755859375 1595.6710205078125 1576.012939453125 1550.1190185546875 1525.876953125 1500.7740478515625 1480.136962890625 1466.1829833984375 1457.885009765625 1446.14599609375 1430.3199462890625 1408.72705078125 1392.366943359375 1374.154052734375 1366.3399658203125 1370.2120361328125 1379.3740234375 1389.7010498046875 1396.3050537109375 1409.491943359375 1427.6209716796875 1447.623046875
1956.8680419921875 1942.1729736328125 1922.322998046875 1909.4949951171875 1891.9229736328125 1878.5009765625 1871.8470458984375 1857.1519775390625 1841.593017578125 1827 1813.6829833984375 1794.3489990234375 1777.1390380859375 1761.8260498046875 1747.842041015625 1732.7080078125 1718.8399658203125 1708.9849853515625 1701.3790283203125 1694.8170166015625 1689.8260498046875 1683.2869873046875 1675.9150390625 1663.14404296875 1655.95703125 1648.2650146484375 1642.8389892578125 1635.177001953125 1626.6429443359375 1614.8480224609375 1595.8349609375 1571.262939453125 1545.06298828125 1520.5350341796875 1497.6700439453125 1476.9620361328125 1461.95703125 1456.552978515625 1449.23095703125 1436.844970703125 1422.9210205078125 1401.718017578125 1379.251953125 1362.64599609375 1363.301025390625 1370.22705078125 1380.1109619140625 1391.5269775390625 1405.345947265625 1427.803955078125 1450.282958984375
1966.0999755859375 1943.60302734375 1930.092041015625 1912.2869873046875 1898.1590576171875 1884.18603515625 1870.25 1858.3370361328125 1845.614013671875 1830.7249755859375 1810.6009521484375 1793.0699462890625 1772.7149658203125 1753.8299560546875 1738.552978515625 1727.1009521484375 1723.5069580078125 1716.7349853515625 1709.06005859375 1699.137939453125 1689.012939453125 1679.197021484375 1670.948974609375 1658.6700439453125 1655.9959716796875 1654.0419921875 1648.8050537109375 1638.1510009765625 1627.531005859375 1613.2490234375 1592.81298828125 1566.220947265625 1540.300048828125 1515.6810302734375 1494.5360107421875 1477.6920166015625 1465.1619873046875 1457.468017578125 1449.001953125 1431.9940185546875 1413.3590087890625 1398.31201171875 1377.470947265625 1360.85205078125 1354.1080322265625 1363.7889404296875 1374.5 1394.8380126953125 1413.56201171875 1430.1500244140625 1452.2099609375
1966.633056640625 1950.9599609375 1935.8570556640625 1918.5999755859375 1899.133056640625 1884.4110107421875 1876.571044921875 1866.748046875 1854.5 1837.6280517578125 1816.157958984375 1796.260986328125 1777.31396484375 1758.116943359375 1743.0439453125 1732.8570556640625 1726.4830322265625 1720.2569580078125 1707.8489990234375 1694.9429931640625 1688.25 1681.782958984375 1670.051025390625 1658.4339599609375 1657.6190185546875 1654.447998046875 1647.010986328125 1637.1810302734375 1624.4010009765625 1614.199951171875 1590.22900390625 1565.2679443359375 1537.134033203125 1513.43603515625 1491.5799560546875 1479.135986328125 1468.5880126953125 1460.9090576171875 1451.4599609375 1429.883056640625 1408.9320068359375 1392.4820556640625 1372.989990234375 1362.0880126953125 1354.1080322265625 1360.2850341796875 1382.06005859375 1401.333984375 1413.762939453125 1424.740966796875 1446.7020263671875
1968.199951171875 1956.303955078125 1940.02001953125 1921.5550537109375 1906.0030517578125 1894.927001953125 1885.6619873046875 1873.487060546875 1858.68505859375 1840.43798828125 1819.718017578125 1797.7340087890625 1776.43603515625 1760.89794921875 1744.52197265625 1734.22998046875 1721.35595703125 1711.9229736328125 1706.0830078125 1701.77001953125 1689.6800537109375 1681.10205078125 1667.4659423828125 1658.864990234375 1656.239990234375 1650.9229736328125 1638.748046875 1628.092041015625 1615.7540283203125 1608.135986328125 1585.35205078125 1562.18701171875 1536.6519775390625 1512.1209716796875 1492.4639892578125 1479.7159423828125 1468.0040283203125 1460.800048828125 1447.4449462890625 1422.1070556640625 1404.4749755859375 1385.4100341796875 1370.0460205078125 1359.02099609375 1354.1080322265625 1361.31005859375 1380.6309814453125 1404.2879638671875 1419.4610595703125 1428.657958984375 1447.637939453125
1975.5980224609375 1964.14697265625 1946.2569580078125 1927.3330078125 1913.3740234375 1902.1710205078125 1891.6109619140625 1875.56396484375 1859.5460205078125 1840.3179931640625 1816.5970458984375 1794.4510498046875 1776.904052734375 1760.4520263671875 1745.18701171875 1731.5250244140625 1721.6080322265625 1718.3809814453125 1713.0899658203125 1703.324951171875 1692.5150146484375 1677.904052734375 1665.3270263671875 1661.27001953125 1659.7969970703125 1647.7060546875 1634.0970458984375 1622.279052734375 1611.260986328125 1602.85400390625 1579.532958984375 1554.916015625 1531.3089599609375 1510.487060546875 1494.0179443359375 1483.135009765625 1469.7049560546875 1455.720947265625 1442.25 1422.883056640625 1407.01904296875 1385.8330078125 1364.1810302734375 1354.9310302734375 1344.9410400390625 1356.7359619140625 1378.446044921875 1401.446044921875 1419.532958984375 1432.926025390625 1449.3699951171875
1984.6309814453125 1966.376953125 1953.3590087890625 1932.7249755859375 1914.5970458984375 1902.5260009765625 1891.5479736328125 1875.9959716796875 1859.6689453125 1834.2650146484375 1812.8780517578125 1792.8780517578125 1775.884033203125 1759.2540283203125 1744.77294921875 1732.9510498046875 1724.2039794921875 1721.2490234375 1716.470947265625 1705.1009521484375 1690.41796875 1677.737060546875 1665.416015625 1663.154052734375 1664.2239990234375 1649.116943359375 1634.22900390625 1624.31494140625 1613.2239990234375 1595.218017578125 1574.531982421875 1553.3199462890625 1530.56201171875 1511.031982421875 1498.7540283203125 1486.906982421875 1473.5050048828125 1455.85595703125 1441.68994140625 1421.14697265625 1401.56396484375 1379.8929443359375 1363.008056640625 1350.862060546875 1341.488037109375 1355.0269775390625 1375.97900390625 1398.655029296875 1414.58203125 1429.864990234375 1448.4139404296875
1988.56201171875 1970.864013671875 1957.06494140625 1939.0760498046875 1919.4949951171875 1901.593017578125 1889.5679931640625 1871.885986328125 1851.5899658203125 1828.416015625 1808.4840087890625 1790.77001953125 1774.407958984375 1758.260986328125 1745.9830322265625 1736.862060546875 1731.280029296875 1725.447998046875 1716.5439453125 1704.6920166015625 1689.51904296875 1678.35595703125 1665.8990478515625 1663.10205078125 1666.6949462890625 1654.926025390625 1638.8609619140625 1627.405029296875 1611.5360107421875 1587.323974609375 1565.947998046875 1548.3780517578125 1530.3709716796875 1511.8819580078125 1498.508056640625 1485.0340576171875 1473.510009765625 1455.1650390625 1440.0269775390625 1422.510009765625 1400.011962890625 1379.93701171875 1358.529052734375 1349.7060546875 1339.7020263671875 1354.2550048828125 1374.095947265625 1397.0400390625 1411.43701171875 1425.7569580078125 1444.72705078125
1996.406005859375 1980.3580322265625 1964.626953125 1944.60205078125 1923.843994140625 1903.2149658203125 1888.2239990234375 1872.39599609375 1848.2259521484375 1827.5450439453125 1810.7430419921875 1790.3289794921875 1773.8189697265625 1760.863037109375 1750.0069580078125 1741.9329833984375 1736.9410400390625 1727.0970458984375 1717.4200439453125 1704.990966796875 1690.6729736328125 1675.4649658203125 1664.0009765625 1662.4820556640625 1667.0870361328125 1657.197998046875 1641.8699951171875 1628.7979736328125 1617.93994140625 1597.155029296875 1581.6300048828125 1560.573974609375 1532.428955078125 1509.4959716796875 1493.20703125 1484.02099609375 1473.5849609375 1454.0989990234375 1431.7779541015625 1411.469970703125 1393.64501953125 1375.376953125 1357.33203125 1349.7779541015625 1339.5419921875 1346.8759765625 1372.3590087890625 1392.2569580078125 1404.8079833984375 1421.8680419921875 1441.8060302734375
2002.85302734375 1982.93701171875 1965.010009765625 1947.095947265625 1927.7320556640625 1906.0360107421875 1888.8349609375 1868.949951171875 1846.06201171875 1829.8179931640625 1814.008056640625 1795.2099609375 1779.56103515625 1766.0999755859375 1754.010009765625 1747.5059814453125 1741.60498046875 1726.2889404296875 1716.1619873046875 1703.154052734375 1692.4749755859375 1678.406982421875 1664.343994140625 1662.5760498046875 1658.2030029296875 1649.031005859375 1637.10498046875 1628.197021484375 1618.91796875 1602.1669921875 1577.626953125 1555.02001953125 1529.2939453125 1510.1090087890625 1494.8199462890625 1479.634033203125 1473.1240234375 1453.4310302734375 1433.1729736328125 1407.373046875 1389.4119873046875 1373.9639892578125 1360.583984375 1351.6519775390625 1339.5419921875 1339.7139892578125 1365.342041015625 1382.883056640625 1396.5469970703125 1415.509033203125 1435.0069580078125
2001.508056640625 1982.4239501953125 1964.010009765625 1945.5780029296875 1925.4659423828125 1908.4739990234375 1888.300048828125 1863.011962890625 1843.26904296875 1829.7099609375 1815.9849853515625 1797.4759521484375 1784.4439697265625 1769.9420166015625 1759.0379638671875 1750.3089599609375 1737.885009765625 1725.5909423828125 1715.5 1701.3399658203125 1693.9659423828125 1681.60595703125 1669.4820556640625 1662.623046875 1643.97802734375 1633.0250244140625 1631.6409912109375 1618.4420166015625 1602.31103515625 1583.552978515625 1565.751953125 1545.363037109375 1525.1610107421875 1507.85595703125 1493.781982421875 1479.8990478515625 1471.0389404296875 1449.0579833984375 1427.8759765625 1403.8590087890625 1389.0340576171875 1377.10205078125 1363.6390380859375 1352.718017578125 1343.9329833984375 1333.2220458984375 1355.0689697265625 1374.6739501953125 1388.362060546875 1408.751953125 1425.052978515625
1991.5350341796875 1978.697021484375 1957.9820556640625 1941.39404296875 1922.050048828125 1904.197021484375 1885.51904296875 1865.5909423828125 1847.0550537109375 1832.2049560546875 1817.31005859375 1799.7259521484375 1787.383056640625 1772.259033203125 1762.3270263671875 1752.7760009765625 1738.947998046875 1726.469970703125 1714.7080078125 1702.583984375 1696.5030517578125 1684.092041015625 1669.7430419921875 1655.4610595703125 1643.14794921875 1618.9200439453125 1608.4420166015625 1597.5369873046875 1581.9539794921875 1564.27294921875 1549.6199951171875 1532.155029296875 1515.47802734375 1501.8380126953125 1491.0770263671875 1480.4139404296875 1466.5770263671875 1442.594970703125 1418.823974609375 1401.0350341796875 1389.9610595703125 1376.89599609375 1363.3160400390625 1354.697998046875 1343.4530029296875 1332.0439453125 1343.904052734375 1363.5260009765625 1381.97802734375 1399.0989990234375 1415.4610595703125
1983.5260009765625 1973.4530029296875 1957.906005859375 1938.0350341796875 1917.383056640625 1897.3680419921875 1882.697021484375 1869.6409912109375 1852.8310546875 1832.7020263671875 1820.85400390625 1805.0450439453125 1790.2449951171875 1778.06396484375 1768.9420166015625 1756.833984375 1739.7159423828125 1727.4539794921875 1716.362060546875 1705.407958984375 1695.6419677734375 1677.092041015625 1661.073974609375 1647.0030517578125 1637.56103515625 1616.2249755859375 1594.72705078125 1577.8360595703125 1563.782958984375 1547.625 1532.7159423828125 1518.9029541015625 1504.3990478515625 1491.8299560546875 1479.52197265625 1466.7939453125 1450.7960205078125 1431.35400390625 1414.9090576171875 1401.5040283203125 1390.43701171875 1378.9830322265625 1368.343017578125 1355.91796875 1345.0059814453125 1334.6240234375 1332.0439453125 1354.6099853515625 1370.10400390625 1390.06005859375 1407.7030029296875
1973.0360107421875 1963.5240478515625 1947.3800048828125 1930.8780517578125 1913.5789794921875 1900.3199462890625 1882.7030029296875 1868.0799560546875 1850.3580322265625 1833.2679443359375 1822.64794921875 1814.1829833984375 1801.6600341796875 1789.4410400390625 1776.4000244140625 1762.001953125 1745.3179931640625 1728.2149658203125 1713.884033203125 1704.1700439453125 1690.1209716796875 1671.803955078125 1657.5660400390625 1647.47705078125 1639.4759521484375 1619.698974609375 1598.9219970703125 1577.97900390625 1558.2760009765625 1542.7230224609375 1526.2969970703125 1508.572998046875 1495.1669921875 1480.6419677734375 1468.050048828125 1454.635986328125 1440.47900390625 1428.5 1416.8280029296875 1407.2900390625 1396.0069580078125 1385.7769775390625 1375.677978515625 1364.2230224609375 1345.5469970703125 1332.2359619140625 1321.18994140625 1337.89794921875 1359.93994140625 1380.6490478515625 1398.3050537109375
